	Liv1a	Liv1b	LN1	LN2	Normal1	PT1	PT2
Liv1a	0	0.672572947965068	0.551548609863663	0.73115625000626	1.0471975511966	1.20546273092965	1.5465497533299
Liv1b	0.672572947965068	0	0.812016464804109	0.963925468227749	1.0471975511966	1.30654152492126	1.67495124846368
LN1	0.551548609863663	0.812016464804109	0	0.821622189293793	1.0471975511966	1.31138850990252	1.58308607175329
LN2	0.73115625000626	0.963925468227749	0.821622189293793	0	1.0471975511966	1.04585255988096	1.55910748227493
Normal1	1.0471975511966	1.0471975511966	1.0471975511966	1.0471975511966	0	1.0471975511966	1.0471975511966
PT1	1.20546273092965	1.30654152492126	1.31138850990252	1.04585255988096	1.0471975511966	0	1.2402647756863
PT2	1.5465497533299	1.67495124846368	1.58308607175329	1.55910748227493	1.0471975511966	1.2402647756863	0
