	LN1	LN2	LN3	LN4a	LN4b	LN5	LN6	Normal1	Per1	Per10a	Per10b	Per2	Per3	Per4a	Per4b	Per4c	Per5	Per6a	Per6b	Per6c	Per6d	Per7	Per8	Per9	PTa1	PTa2	PTa3	PTa4	PTa5	PTa6	PTb1	PTb2	PTb3	PTb4	PTb5	PTb6	PTb7	TD1	TD2	TD3	TD4	TD5	TD6
LN1	0	0.429590905310073	0.458476081065243	0.579088931879367	0.527972389834253	0.438401115704822	0.682909638431453	1.0471975511966	0.592641869777725	0.958203203642316	0.751011536888558	0.428238632304553	0.4867525083423	0.565677996366228	0.636243996742546	0.677206664577785	0.605712502400301	0.649349571554279	0.612115275122431	0.362949086298341	0.698969545913998	0.602804253160557	0.402271050556097	0.540027626425404	0.40019384661637	0.694555175705888	0.67315170970571	0.79064193150476	0.512473401844467	0.464576106967386	0.496254054791529	0.484952480994624	0.566592081490457	0.749163731921612	0.781602228997734	0.457530154660525	0.475231123205731	0.702230514072211	0.484283160849284	0.592059208611501	0.627644665303852	0.554704598702908	0.846676087415172
LN2	0.429590905310073	0	0.228308285367784	0.329211441590901	0.318108773321888	0.579258386921407	0.42093484298852	1.0471975511966	0.312402599784565	0.974482168923633	0.443618699209526	0.168509375081643	0.504519092573627	0.342520308896053	0.434648977610677	0.419408855723832	0.346754349982599	0.407356322655082	0.366063883301957	0.24199612521939	0.42221845702653	0.368761326718041	0.266391292849721	0.367924460466146	0.167228414398068	0.38950685610099	0.343324379240942	0.538058956339624	0.32301501226458	0.187332238574552	0.733370580477421	0.2975851957574	0.228736704119691	0.848530796830686	0.471903934228921	0.253269904612133	0.212408229867365	0.531259142924291	0.376398090428235	0.387231930561555	0.390722064059452	0.448243287512856	0.592205625896602
LN3	0.458476081065243	0.228308285367784	0	0.35852940419405	0.349700339950089	0.60591550128085	0.416121629475209	1.0471975511966	0.330656154830229	1.01797857339483	0.534431805917034	0.211304826190772	0.529062456005689	0.40874319696918	0.483669847161194	0.475631539876307	0.447238850908564	0.474615942715789	0.454006567412809	0.273851470192288	0.492358856213521	0.431515554539939	0.341277198859512	0.414876013965973	0.226220012372022	0.525763381863415	0.437766613140482	0.600470379852099	0.391246190584594	0.322316256156271	0.717354275412404	0.28749074773191	0.319975583118111	0.823762499128796	0.540653192025389	0.28593239990147	0.281665495183562	0.579499253309137	0.446630864004329	0.436222763849936	0.43973878068025	0.503114199375752	0.694557680459862
LN4a	0.579088931879367	0.329211441590901	0.35852940419405	0	0.142821400695385	0.609880743151761	0.28363341871245	1.0471975511966	0.110088052736788	0.984300340802875	0.428552176560476	0.278245888519269	0.569849515093406	0.380603841504796	0.422887196701866	0.391921410280308	0.379150050155539	0.404045369401734	0.415791167132626	0.400323001940812	0.41087558001701	0.481443678528157	0.429153096756138	0.455245609403723	0.363729272099902	0.457991443697242	0.379799303657502	0.528738717207654	0.435069241612246	0.343682066958658	0.879000123430574	0.400463332464621	0.344694158398189	0.873373936215936	0.541086990528163	0.374689458020594	0.411844802743913	0.54388951716686	0.473157131074379	0.447682185071713	0.39081272318652	0.510367149504339	0.628382449795405
LN4b	0.527972389834253	0.318108773321888	0.349700339950089	0.142821400695385	0	0.599515971732078	0.322336149109892	1.0471975511966	0.180515317348407	1.01410976518608	0.474604465008789	0.249657455465993	0.526931467648228	0.388328138656175	0.422396151365647	0.408766466466771	0.394871368072719	0.43212454372921	0.4022289370973	0.368382987271099	0.419349205808677	0.4553496746771	0.391076358223013	0.454919070767573	0.350462517759338	0.488493117320145	0.440454663604505	0.525903773003842	0.388558259004103	0.311808487411981	0.81367501608433	0.361870958159829	0.358560848547824	0.874478256553445	0.529624789738823	0.361339910912685	0.398579127770836	0.513367392737498	0.463940229346467	0.440341267502552	0.399891401048215	0.477959579843124	0.642971605084946
LN5	0.438401115704822	0.579258386921407	0.60591550128085	0.609880743151761	0.599515971732078	0	0.642109534993308	1.0471975511966	0.624496122600299	0.795523380962857	0.814667634782904	0.553227472749354	0.578988385894925	0.697005858696463	0.721104614922377	0.754007905432642	0.627501422983147	0.77971177338959	0.647411250409097	0.567804562752846	0.737167591868684	0.732087904164192	0.526077681065713	0.534908587958975	0.537544937387665	0.693160618640595	0.696635086383109	0.857012862375234	0.580990563272524	0.542417310620215	0.855719707261724	0.681809538602813	0.716050052919021	0.559689455272582	0.879395515215044	0.625094328661237	0.663516928270775	0.730717056600455	0.474831083380494	0.718301297407098	0.738737155300132	0.74466952059525	0.730540478433563
LN6	0.682909638431453	0.42093484298852	0.416121629475209	0.28363341871245	0.322336149109892	0.642109534993308	0	1.0471975511966	0.267287758677258	0.956020783191618	0.479755567060772	0.377325619858062	0.67858983346509	0.539669414515278	0.577800498325691	0.533813929335762	0.460046902093722	0.577973639850188	0.45040123907206	0.555454997581733	0.46245884228642	0.557896200055946	0.463601998251143	0.551011723604711	0.456302415503574	0.518775048873372	0.433532660121554	0.615361851992089	0.479013829880623	0.429757957799346	1.00820121284936	0.52401069662728	0.466721525455914	0.873552198594559	0.550126607376145	0.509079476590127	0.490783303233384	0.508741582128257	0.523724783027837	0.595460645615263	0.561185688075038	0.643512982740801	0.57733905688316
Normal1	1.0471975511966	1.0471975511966	1.0471975511966	1.0471975511966	1.0471975511966	1.0471975511966	1.0471975511966	0	1.0471975511966	1.0471975511966	1.0471975511966	1.0471975511966	1.0471975511966	1.0471975511966	1.0471975511966	1.0471975511966	1.0471975511966	1.0471975511966	1.0471975511966	1.0471975511966	1.0471975511966	1.0471975511966	1.0471975511966	1.0471975511966	1.0471975511966	1.0471975511966	1.0471975511966	1.0471975511966	1.0471975511966	1.0471975511966	1.0471975511966	1.0471975511966	1.0471975511966	1.0471975511966	1.0471975511966	1.0471975511966	1.0471975511966	1.0471975511966	1.0471975511966	1.0471975511966	1.0471975511966	1.0471975511966	1.0471975511966
Per1	0.592641869777725	0.312402599784565	0.330656154830229	0.110088052736788	0.180515317348407	0.624496122600299	0.267287758677258	1.0471975511966	0	0.969035533943404	0.438444131331597	0.277577300075582	0.579129600550547	0.417947688756263	0.466755081251393	0.429470940351667	0.393336663027018	0.449177946695878	0.389832098267981	0.394769288648148	0.418212078655211	0.456968859962019	0.41198173172079	0.431866115171763	0.339113377862096	0.454083746585767	0.368411598623088	0.536343454446098	0.426735048688187	0.331636617658482	0.883378980989287	0.389501173664427	0.334892444038244	0.874131637861587	0.516964683574948	0.363857380229987	0.385199173621093	0.537686318412848	0.45613444025241	0.482776569985934	0.435386684926141	0.518619140332295	0.60065705567576
Per10a	0.958203203642316	0.974482168923633	1.01797857339483	0.984300340802875	1.01410976518608	0.795523380962857	0.956020783191618	1.0471975511966	0.969035533943404	0	1.04568250610521	1.00575702095948	1.02087133767165	1.06940761508103	1.12080304725981	1.10725116636298	0.894865497577791	1.11197625089158	0.997926899755252	1.02793415999521	1.00823465529312	1.07866159910722	0.994562762171261	0.806423248231131	0.939337256062884	0.939093359147437	0.981471991022061	1.10380804232023	0.900547119961841	0.930475776083136	1.2455460235602	1.08132612203194	0.997148999914286	1.02524611509271	1.10477356511703	0.963451398504875	1.02869536351194	1.01290352158774	0.718189305834832	1.11282073484808	1.12598738467164	1.07333741801986	0.945657573885466
Per10b	0.751011536888558	0.443618699209526	0.534431805917034	0.428552176560476	0.474604465008789	0.814667634782904	0.479755567060772	1.0471975511966	0.438444131331597	1.04568250610521	0	0.448696087320606	0.691891721242627	0.44217988793361	0.527075986939455	0.453894449484698	0.469571659278462	0.419386132851544	0.502564119143749	0.556684400540737	0.544194661048627	0.497260261007139	0.546726703604417	0.594171205454045	0.495232004052684	0.390532398623901	0.429252863955235	0.599032162176506	0.605466800465665	0.492033646031374	0.986718242316402	0.544793221499655	0.38924773531255	1.02651051047335	0.473077394932915	0.54571364466115	0.488864496491772	0.598644753464982	0.635141583184269	0.514994174083095	0.46730027529231	0.617097902172771	0.66425499834982
Per2	0.428238632304553	0.168509375081643	0.211304826190772	0.278245888519269	0.249657455465993	0.553227472749354	0.377325619858062	1.0471975511966	0.277577300075582	1.00575702095948	0.448696087320606	0	0.494624916788967	0.354774568595665	0.429315864260748	0.419409169345281	0.358605587957628	0.413701841439864	0.340210666151177	0.235474189172944	0.407257061145073	0.383469152145254	0.261635802585572	0.39935888382044	0.181923306795519	0.436791977485159	0.366941331916378	0.556670496931848	0.339593102345025	0.229199452425135	0.744747217550334	0.282657692933372	0.272839837413249	0.823169863565648	0.505763253417701	0.270844603436138	0.278324607177379	0.524293823485091	0.383073681577868	0.396357949485732	0.382532864365793	0.501574432248052	0.624958885723264
Per3	0.4867525083423	0.504519092573627	0.529062456005689	0.569849515093406	0.526931467648228	0.578988385894925	0.67858983346509	1.0471975511966	0.579129600550547	1.02087133767165	0.691891721242627	0.494624916788967	0	0.597809718529635	0.644520414057373	0.635647394156855	0.59823419915382	0.649933757816067	0.571239952419815	0.439896161594665	0.65946251171837	0.633956305271537	0.536580032016178	0.488327775382873	0.480468790082181	0.6907558350059	0.660119701989491	0.78418112869427	0.493495413076651	0.498434292412693	0.756679635635422	0.574166195453608	0.58691003751541	0.884426041846372	0.686798268330831	0.490951656244313	0.55838082602974	0.689245649841513	0.569506078838419	0.625879019787168	0.618993258572044	0.597847124219972	0.798246723263652
Per4a	0.565677996366228	0.342520308896053	0.40874319696918	0.380603841504796	0.388328138656175	0.697005858696463	0.539669414515278	1.0471975511966	0.417947688756263	1.06940761508103	0.44217988793361	0.354774568595665	0.597809718529635	0	0.163016320099489	0.198224223308215	0.38203558660576	0.176184260638441	0.556352515886009	0.397567761371204	0.473661018639784	0.378232443653209	0.479637262457445	0.507618374502751	0.401853301131771	0.400547388309723	0.412008771523534	0.491549227033505	0.461412724594872	0.359344323801304	0.808339880848503	0.40524425183386	0.338568238467878	0.998313176032373	0.541052902248562	0.371636314818109	0.405666508808661	0.589895409327285	0.52428914892526	0.225698527361151	0.165318246206216	0.497216770965626	0.682993781615689
Per4b	0.636243996742546	0.434648977610677	0.483669847161194	0.422887196701866	0.422396151365647	0.721104614922377	0.577800498325691	1.0471975511966	0.466755081251393	1.12080304725981	0.527075986939455	0.429315864260748	0.644520414057373	0.163016320099489	0	0.159919294356786	0.427256376825102	0.225776680633404	0.600094672380784	0.475910743270924	0.499453658622471	0.430010567774395	0.559235219671313	0.570074099758999	0.476934301851303	0.466111811828175	0.476455441963001	0.512569358922663	0.506852472279779	0.412937302612576	0.867939864354577	0.476837876609132	0.433195466774532	1.05221807490412	0.579550132053894	0.458062972238008	0.50089426833181	0.631433432462405	0.576249607818909	0.231772363166196	0.152617692780364	0.514813884981793	0.692336781152326
Per4c	0.677206664577785	0.419408855723832	0.475631539876307	0.391921410280308	0.408766466466771	0.754007905432642	0.533813929335762	1.0471975511966	0.429470940351667	1.10725116636298	0.453894449484698	0.419409169345281	0.635647394156855	0.198224223308215	0.159919294356786	0	0.386122700724015	0.199826397063988	0.551649276755367	0.486589917983988	0.427779355836225	0.438609082262768	0.570832261518371	0.549398232229802	0.473563855745147	0.425678637135783	0.395589193838898	0.451686457900456	0.494039883891611	0.399186869319364	0.931283265465792	0.504637097932007	0.40041620789635	1.06099155694301	0.507813144665649	0.450628830152492	0.499314308817704	0.581165708553339	0.564626977330307	0.243549094990169	0.154157969950878	0.532381756404451	0.647571269299357
Per5	0.605712502400301	0.346754349982599	0.447238850908564	0.379150050155539	0.394871368072719	0.627501422983147	0.460046902093722	1.0471975511966	0.393336663027018	0.894865497577791	0.469571659278462	0.358605587957628	0.59823419915382	0.38203558660576	0.427256376825102	0.386122700724015	0	0.412476379206233	0.434907329479063	0.448670752767682	0.27944675288991	0.43484087936102	0.430274395357526	0.442848968062435	0.362147135347399	0.31533368990206	0.368017734983782	0.463366508756567	0.366461612279547	0.318762116862148	0.912050465581081	0.475154629765704	0.356608487607775	0.897722770393707	0.398869530422313	0.382970632098602	0.449514709843294	0.461802872520696	0.344125413434268	0.412558152059394	0.389489509774993	0.558536947471368	0.552468547240017
Per6a	0.649349571554279	0.407356322655082	0.474615942715789	0.404045369401734	0.43212454372921	0.77971177338959	0.577973639850188	1.0471975511966	0.449177946695878	1.11197625089158	0.419386132851544	0.413701841439864	0.649933757816067	0.176184260638441	0.225776680633404	0.199826397063988	0.412476379206233	0	0.577184617756179	0.444575309538367	0.471201578951485	0.455424191268385	0.55729072495776	0.5651532995016	0.467155387205126	0.44378115044944	0.429896819916645	0.499635171414011	0.536237248998841	0.436086893403644	0.855222090139969	0.483477655307822	0.372234547612762	1.06245362833913	0.561780082966667	0.44844358466075	0.463851678066013	0.664899250614546	0.597556621614658	0.245262289839087	0.133292843566389	0.527375920121519	0.726928836015826
Per6b	0.612115275122431	0.366063883301957	0.454006567412809	0.415791167132626	0.4022289370973	0.647411250409097	0.45040123907206	1.0471975511966	0.389832098267981	0.997926899755252	0.502564119143749	0.340210666151177	0.571239952419815	0.556352515886009	0.600094672380784	0.551649276755367	0.434907329479063	0.577184617756179	0	0.414417850690891	0.436964743933097	0.450618043834053	0.412810336332719	0.532283475826938	0.345261773850099	0.470344275906729	0.398035884638719	0.580142066522035	0.454438417062711	0.325087335774094	0.925384695268546	0.49353732467392	0.4221139885532	0.919157921501796	0.490422016459118	0.425344633856286	0.418120129099489	0.52517825746785	0.456838607719874	0.608665644389818	0.568777014391313	0.558971176203679	0.497276774308768
Per6c	0.362949086298341	0.24199612521939	0.273851470192288	0.400323001940812	0.368382987271099	0.567804562752846	0.555454997581733	1.0471975511966	0.394769288648148	1.02793415999521	0.556684400540737	0.235474189172944	0.439896161594665	0.397567761371204	0.475910743270924	0.486589917983988	0.448670752767682	0.444575309538367	0.414417850690891	0	0.51057754497978	0.408026774172486	0.320632584339813	0.401279592664535	0.204939190379541	0.524418229536951	0.479866623841708	0.63810444074202	0.38288910478639	0.301068541881044	0.613094510939857	0.283490882446628	0.331881762121652	0.822997078248676	0.583253975557524	0.243935298665838	0.280085489717242	0.637609396373481	0.428982918362029	0.424279879921152	0.424119570144505	0.449225471025078	0.714210788785068
Per6d	0.698969545913998	0.42221845702653	0.492358856213521	0.41087558001701	0.419349205808677	0.737167591868684	0.46245884228642	1.0471975511966	0.418212078655211	1.00823465529312	0.544194661048627	0.407257061145073	0.65946251171837	0.473661018639784	0.499453658622471	0.427779355836225	0.27944675288991	0.471201578951485	0.436964743933097	0.51057754497978	0	0.484659556102801	0.49266583687262	0.535836639275118	0.452107183695701	0.445287857870068	0.396171290712298	0.473384283158375	0.375611051758185	0.374202395900991	0.974208302625243	0.530712065906747	0.418830786141781	0.969681299556895	0.435944083704345	0.447535992198109	0.506661953258248	0.498280979909337	0.443632113948215	0.488367980459692	0.443208305318866	0.634422837493449	0.553910524147923
Per7	0.602804253160557	0.368761326718041	0.431515554539939	0.481443678528157	0.4553496746771	0.732087904164192	0.557896200055946	1.0471975511966	0.456968859962019	1.07866159910722	0.497260261007139	0.383469152145254	0.633956305271537	0.378232443653209	0.430010567774395	0.438609082262768	0.43484087936102	0.455424191268385	0.450618043834053	0.408026774172486	0.484659556102801	0	0.405033434892914	0.554565097471395	0.354940540814043	0.410062630279461	0.473887542258096	0.533518424697896	0.442513974669549	0.349311261697072	0.789511963429034	0.364220028000134	0.368958091619478	1.01218163899606	0.465493839697808	0.408603492143127	0.374009602130393	0.553552076467724	0.509770213154994	0.442373590738481	0.435273512082151	0.483289391544006	0.608603948670549
Per8	0.402271050556097	0.266391292849721	0.341277198859512	0.429153096756138	0.391076358223013	0.526077681065713	0.463601998251143	1.0471975511966	0.41198173172079	0.994562762171261	0.546726703604417	0.261635802585572	0.536580032016178	0.479637262457445	0.559235219671313	0.570832261518371	0.430274395357526	0.55729072495776	0.412810336332719	0.320632584339813	0.49266583687262	0.405033434892914	0	0.457237434910699	0.253957057275869	0.468497262666345	0.499292706594738	0.657255201268306	0.366660271955914	0.308610121805616	0.687268673670839	0.380303473488305	0.411133127105763	0.745558757283346	0.546519840546798	0.353324668695133	0.287881191390997	0.563793052038926	0.391968702892396	0.532468513967454	0.535220169454082	0.551635913088196	0.625242119382415
Per9	0.540027626425404	0.367924460466146	0.414876013965973	0.455245609403723	0.454919070767573	0.534908587958975	0.551011723604711	1.0471975511966	0.431866115171763	0.806423248231131	0.594171205454045	0.39935888382044	0.488327775382873	0.507618374502751	0.570074099758999	0.549398232229802	0.442848968062435	0.5651532995016	0.532283475826938	0.401279592664535	0.535836639275118	0.554565097471395	0.457237434910699	0	0.364533005970983	0.481183205501133	0.491228073888607	0.677931554649726	0.35053804202375	0.358008832590169	0.839564485967534	0.493057652284532	0.445023778786835	0.788662451456854	0.635663684601846	0.395686269603844	0.456246957562582	0.667177785603864	0.333535376340364	0.526170842250404	0.5420986386171	0.629632164826653	0.637656337832865
PTa1	0.40019384661637	0.167228414398068	0.226220012372022	0.363729272099902	0.350462517759338	0.537544937387665	0.456302415503574	1.0471975511966	0.339113377862096	0.939337256062884	0.495232004052684	0.181923306795519	0.480468790082181	0.401853301131771	0.476934301851303	0.473563855745147	0.362147135347399	0.467155387205126	0.345261773850099	0.204939190379541	0.452107183695701	0.354940540814043	0.253957057275869	0.364533005970983	0	0.443781839733755	0.408497737332231	0.607850098800544	0.327122761766609	0.232570996599185	0.69676186488625	0.298391070753795	0.294007999343463	0.828499194404453	0.501750443839792	0.255344765180082	0.2615332891284	0.574433261967154	0.323843647424702	0.436324984284323	0.438835757850566	0.433966647284065	0.632622335504782
PTa2	0.694555175705888	0.38950685610099	0.525763381863415	0.457991443697242	0.488493117320145	0.693160618640595	0.518775048873372	1.0471975511966	0.454083746585767	0.939093359147437	0.390532398623901	0.436791977485159	0.6907558350059	0.400547388309723	0.466111811828175	0.425678637135783	0.31533368990206	0.44378115044944	0.470344275906729	0.524418229536951	0.445287857870068	0.410062630279461	0.468497262666345	0.481183205501133	0.443781839733755	0	0.324409550717797	0.465205785168234	0.501508643907061	0.343513142372187	1.00163786080207	0.543647788095459	0.375550319506992	0.922229858357514	0.463876974341747	0.471052363543194	0.450544179650056	0.485759452272939	0.44957770629709	0.491517616300638	0.453754166501706	0.654977306248305	0.418848917352585
PTa3	0.67315170970571	0.343324379240942	0.437766613140482	0.379799303657502	0.440454663604505	0.696635086383109	0.433532660121554	1.0471975511966	0.368411598623088	0.981471991022061	0.429252863955235	0.366941331916378	0.660119701989491	0.412008771523534	0.476455441963001	0.395589193838898	0.368017734983782	0.429896819916645	0.398035884638719	0.479866623841708	0.396171290712298	0.473887542258096	0.499292706594738	0.491228073888607	0.408497737332231	0.324409550717797	0	0.436631033602733	0.477379724302659	0.339405418489234	1.03431518842551	0.533248149659202	0.344989016147085	0.924042444236964	0.506579496577896	0.414641844837147	0.440914823885932	0.53469966468161	0.463979571663374	0.478921838978339	0.436272189030101	0.660432375749194	0.486722994601953
PTa4	0.79064193150476	0.538058956339624	0.600470379852099	0.528738717207654	0.525903773003842	0.857012862375234	0.615361851992089	1.0471975511966	0.536343454446098	1.10380804232023	0.599032162176506	0.556670496931848	0.78418112869427	0.491549227033505	0.512569358922663	0.451686457900456	0.463366508756567	0.499635171414011	0.580142066522035	0.63810444074202	0.473384283158375	0.533518424697896	0.657255201268306	0.677931554649726	0.607850098800544	0.465205785168234	0.436631033602733	0	0.619140943504268	0.486749074934784	1.056603933469	0.619303082717247	0.47932014035406	1.04322787116589	0.57350485743063	0.562485885368574	0.608218081094452	0.548496611920635	0.633071017897207	0.50497456911935	0.488968077654284	0.691389520667831	0.619400320266212
PTa5	0.512473401844467	0.32301501226458	0.391246190584594	0.435069241612246	0.388558259004103	0.580990563272524	0.479013829880623	1.0471975511966	0.426735048688187	0.900547119961841	0.605466800465665	0.339593102345025	0.493495413076651	0.461412724594872	0.506852472279779	0.494039883891611	0.366461612279547	0.536237248998841	0.454438417062711	0.38288910478639	0.375611051758185	0.442513974669549	0.366660271955914	0.35053804202375	0.327122761766609	0.501508643907061	0.477379724302659	0.619140943504268	0	0.291250708549656	0.806150495859265	0.438265138018083	0.421549800663398	0.872663375692617	0.505650621507895	0.332345153472939	0.412766558879471	0.56502372470226	0.325229045583653	0.488809741520522	0.490572744620033	0.542062801031892	0.612114105927474
PTa6	0.464576106967386	0.187332238574552	0.322316256156271	0.343682066958658	0.311808487411981	0.542417310620215	0.429757957799346	1.0471975511966	0.331636617658482	0.930475776083136	0.492033646031374	0.229199452425135	0.498434292412693	0.359344323801304	0.412937302612576	0.399186869319364	0.318762116862148	0.436086893403644	0.325087335774094	0.301068541881044	0.374202395900991	0.349311261697072	0.308610121805616	0.358008832590169	0.232570996599185	0.343513142372187	0.339405418489234	0.486749074934784	0.291250708549656	0	0.807573219358397	0.363420078576666	0.280520439715708	0.863453036487599	0.48243111051172	0.280556445379604	0.300257743463459	0.467703440567235	0.30427053861851	0.408444550551439	0.401921176952507	0.487615390490462	0.470474568516932
PTb1	0.496254054791529	0.733370580477421	0.717354275412404	0.879000123430574	0.81367501608433	0.855719707261724	1.00820121284936	1.0471975511966	0.883378980989287	1.2455460235602	0.986718242316402	0.744747217550334	0.756679635635422	0.808339880848503	0.867939864354577	0.931283265465792	0.912050465581081	0.855222090139969	0.925384695268546	0.613094510939857	0.974208302625243	0.789511963429034	0.687268673670839	0.839564485967534	0.69676186488625	1.00163786080207	1.03431518842551	1.056603933469	0.806150495859265	0.807573219358397	0	0.640300128473591	0.805632316412681	1.01891436326355	0.973209286887865	0.73182084886451	0.698660160524832	1.01497381449689	0.847917990468621	0.800921481698483	0.844721184338537	0.653026220891354	1.20463222855671
PTb2	0.484952480994624	0.2975851957574	0.28749074773191	0.400463332464621	0.361870958159829	0.681809538602813	0.52401069662728	1.0471975511966	0.389501173664427	1.08132612203194	0.544793221499655	0.282657692933372	0.574166195453608	0.40524425183386	0.476837876609132	0.504637097932007	0.475154629765704	0.483477655307822	0.49353732467392	0.283490882446628	0.530712065906747	0.364220028000134	0.380303473488305	0.493057652284532	0.298391070753795	0.543647788095459	0.533248149659202	0.619303082717247	0.438265138018083	0.363420078576666	0.640300128473591	0	0.271576454529637	0.920674073796775	0.550198583655923	0.302008273227521	0.297269245778732	0.602318974446761	0.508875360045985	0.4216674460154	0.450266799436514	0.450188607049079	0.756429822836909
PTb3	0.566592081490457	0.228736704119691	0.319975583118111	0.344694158398189	0.358560848547824	0.716050052919021	0.466721525455914	1.0471975511966	0.334892444038244	0.997148999914286	0.38924773531255	0.272839837413249	0.58691003751541	0.338568238467878	0.433195466774532	0.40041620789635	0.356608487607775	0.372234547612762	0.4221139885532	0.331881762121652	0.418830786141781	0.368958091619478	0.411133127105763	0.445023778786835	0.294007999343463	0.375550319506992	0.344989016147085	0.47932014035406	0.421549800663398	0.280520439715708	0.805632316412681	0.271576454529637	0	0.965789394177081	0.451782189505468	0.269636729941274	0.29467173197879	0.543851344123726	0.44661312082012	0.376791090226957	0.371147193576526	0.4907483866967	0.621198701066517
PTb4	0.749163731921612	0.848530796830686	0.823762499128796	0.873373936215936	0.874478256553445	0.559689455272582	0.873552198594559	1.0471975511966	0.874131637861587	1.02524611509271	1.02651051047335	0.823169863565648	0.884426041846372	0.998313176032373	1.05221807490412	1.06099155694301	0.897722770393707	1.06245362833913	0.919157921501796	0.822997078248676	0.969681299556895	1.01218163899606	0.745558757283346	0.788662451456854	0.828499194404453	0.922229858357514	0.924042444236964	1.04322787116589	0.872663375692617	0.863453036487599	1.01891436326355	0.920674073796775	0.965789394177081	0	1.07201915109609	0.870258609320275	0.895018236421778	0.945941386168482	0.800330994140141	1.00343487436257	1.02834663029579	1.06727622885909	0.970507585871689
PTb5	0.781602228997734	0.471903934228921	0.540653192025389	0.541086990528163	0.529624789738823	0.879395515215044	0.550126607376145	1.0471975511966	0.516964683574948	1.10477356511703	0.473077394932915	0.505763253417701	0.686798268330831	0.541052902248562	0.579550132053894	0.507813144665649	0.398869530422313	0.561780082966667	0.490422016459118	0.583253975557524	0.435944083704345	0.465493839697808	0.546519840546798	0.635663684601846	0.501750443839792	0.463876974341747	0.506579496577896	0.57350485743063	0.505650621507895	0.48243111051172	0.973209286887865	0.550198583655923	0.451782189505468	1.07201915109609	0	0.506291011713877	0.518699855486403	0.460075712668348	0.592019896264165	0.577650161558683	0.538837671324347	0.583653636562736	0.603422057561083
PTb6	0.457530154660525	0.253269904612133	0.28593239990147	0.374689458020594	0.361339910912685	0.625094328661237	0.509079476590127	1.0471975511966	0.363857380229987	0.963451398504875	0.54571364466115	0.270844603436138	0.490951656244313	0.371636314818109	0.458062972238008	0.450628830152492	0.382970632098602	0.44844358466075	0.425344633856286	0.243935298665838	0.447535992198109	0.408603492143127	0.353324668695133	0.395686269603844	0.255344765180082	0.471052363543194	0.414641844837147	0.562485885368574	0.332345153472939	0.280556445379604	0.73182084886451	0.302008273227521	0.269636729941274	0.870258609320275	0.506291011713877	0	0.309088825307601	0.558932085092632	0.368504786647589	0.43506114616115	0.42341089439444	0.487559253469593	0.649595794568125
PTb7	0.475231123205731	0.212408229867365	0.281665495183562	0.411844802743913	0.398579127770836	0.663516928270775	0.490783303233384	1.0471975511966	0.385199173621093	1.02869536351194	0.488864496491772	0.278324607177379	0.55838082602974	0.405666508808661	0.50089426833181	0.499314308817704	0.449514709843294	0.463851678066013	0.418120129099489	0.280085489717242	0.506661953258248	0.374009602130393	0.287881191390997	0.456246957562582	0.2615332891284	0.450544179650056	0.440914823885932	0.608218081094452	0.412766558879471	0.300257743463459	0.698660160524832	0.297269245778732	0.29467173197879	0.895018236421778	0.518699855486403	0.309088825307601	0	0.569744409595978	0.473819633952261	0.473494579452306	0.473968678772101	0.487792164129696	0.644977023644478
TD1	0.702230514072211	0.531259142924291	0.579499253309137	0.54388951716686	0.513367392737498	0.730717056600455	0.508741582128257	1.0471975511966	0.537686318412848	1.01290352158774	0.598644753464982	0.524293823485091	0.689245649841513	0.589895409327285	0.631433432462405	0.581165708553339	0.461802872520696	0.664899250614546	0.52517825746785	0.637609396373481	0.498280979909337	0.553552076467724	0.563793052038926	0.667177785603864	0.574433261967154	0.485759452272939	0.53469966468161	0.548496611920635	0.56502372470226	0.467703440567235	1.01497381449689	0.602318974446761	0.543851344123726	0.945941386168482	0.460075712668348	0.558932085092632	0.569744409595978	0	0.565044671782223	0.652065332222927	0.642082800961072	0.72176323032743	0.516827468824999
TD2	0.484283160849284	0.376398090428235	0.446630864004329	0.473157131074379	0.463940229346467	0.474831083380494	0.523724783027837	1.0471975511966	0.45613444025241	0.718189305834832	0.635141583184269	0.383073681577868	0.569506078838419	0.52428914892526	0.576249607818909	0.564626977330307	0.344125413434268	0.597556621614658	0.456838607719874	0.428982918362029	0.443632113948215	0.509770213154994	0.391968702892396	0.333535376340364	0.323843647424702	0.44957770629709	0.463979571663374	0.633071017897207	0.325229045583653	0.30427053861851	0.847917990468621	0.508875360045985	0.44661312082012	0.800330994140141	0.592019896264165	0.368504786647589	0.473819633952261	0.565044671782223	0	0.557107811782274	0.564364644410598	0.618760292823302	0.557269404546991
TD3	0.592059208611501	0.387231930561555	0.436222763849936	0.447682185071713	0.440341267502552	0.718301297407098	0.595460645615263	1.0471975511966	0.482776569985934	1.11282073484808	0.514994174083095	0.396357949485732	0.625879019787168	0.225698527361151	0.231772363166196	0.243549094990169	0.412558152059394	0.245262289839087	0.608665644389818	0.424279879921152	0.488367980459692	0.442373590738481	0.532468513967454	0.526170842250404	0.436324984284323	0.491517616300638	0.478921838978339	0.50497456911935	0.488809741520522	0.408444550551439	0.800921481698483	0.4216674460154	0.376791090226957	1.00343487436257	0.577650161558683	0.43506114616115	0.473494579452306	0.652065332222927	0.557107811782274	0	0.179400983338061	0.509880842120881	0.755833078414712
TD4	0.627644665303852	0.390722064059452	0.43973878068025	0.39081272318652	0.399891401048215	0.738737155300132	0.561185688075038	1.0471975511966	0.435386684926141	1.12598738467164	0.46730027529231	0.382532864365793	0.618993258572044	0.165318246206216	0.152617692780364	0.154157969950878	0.389489509774993	0.133292843566389	0.568777014391313	0.424119570144505	0.443208305318866	0.435273512082151	0.535220169454082	0.5420986386171	0.438835757850566	0.453754166501706	0.436272189030101	0.488968077654284	0.490572744620033	0.401921176952507	0.844721184338537	0.450266799436514	0.371147193576526	1.02834663029579	0.538837671324347	0.42341089439444	0.473968678772101	0.642082800961072	0.564364644410598	0.179400983338061	0	0.506502319547894	0.712082499160799
TD5	0.554704598702908	0.448243287512856	0.503114199375752	0.510367149504339	0.477959579843124	0.74466952059525	0.643512982740801	1.0471975511966	0.518619140332295	1.07333741801986	0.617097902172771	0.501574432248052	0.597847124219972	0.497216770965626	0.514813884981793	0.532381756404451	0.558536947471368	0.527375920121519	0.558971176203679	0.449225471025078	0.634422837493449	0.483289391544006	0.551635913088196	0.629632164826653	0.433966647284065	0.654977306248305	0.660432375749194	0.691389520667831	0.542062801031892	0.487615390490462	0.653026220891354	0.450188607049079	0.4907483866967	1.06727622885909	0.583653636562736	0.487559253469593	0.487792164129696	0.72176323032743	0.618760292823302	0.509880842120881	0.506502319547894	0	0.83077685571201
TD6	0.846676087415172	0.592205625896602	0.694557680459862	0.628382449795405	0.642971605084946	0.730540478433563	0.57733905688316	1.0471975511966	0.60065705567576	0.945657573885466	0.66425499834982	0.624958885723264	0.798246723263652	0.682993781615689	0.692336781152326	0.647571269299357	0.552468547240017	0.726928836015826	0.497276774308768	0.714210788785068	0.553910524147923	0.608603948670549	0.625242119382415	0.637656337832865	0.632622335504782	0.418848917352585	0.486722994601953	0.619400320266212	0.612114105927474	0.470474568516932	1.20463222855671	0.756429822836909	0.621198701066517	0.970507585871689	0.603422057561083	0.649595794568125	0.644977023644478	0.516827468824999	0.557269404546991	0.755833078414712	0.712082499160799	0.83077685571201	0
