	LN1	LN2	LN3	LN4	LN5	LN6	LN7	LN8	Normal1	Per1	Per10	Per11	Per12	Per13	Per14	Per15	Per16	Per2	Per3	Per4	Per5	Per6	Per7	Per8	Per9	PT1	PT2	PT3	PT4	PT5	PT6	PT7	PT8	TD1	TD2	TD3
LN1	0	0.854558542844387	0.92741235637785	0.306828326873016	0.287525919363942	1.00639078830159	0.447253869236608	0.973385665373675	1.0471975511966	1.24145658178979	0.910246056871735	1.20402539451731	1.09995584247423	1.1759087402596	1.57490851701303	1.38023913100222	1.22605328534716	1.52914192698737	1.23618566314726	1.09146059620645	0.995403938728645	1.28123924146778	1.31485607079236	1.3958864196088	1.226298037889	1.40686526996351	1.47320609759473	1.29968917285565	0.852588187237408	0.895495780266113	1.4520043156442	1.36998296587119	1.04440327772296	1.00532169782327	1.16233296417421	1.02056682332279
LN2	0.854558542844387	0	0.727211179671018	0.756809711593326	0.809781004587486	0.840623956307959	0.746466086682253	0.727368300939755	1.0471975511966	0.844030639404837	0.732773690205305	0.838930689191427	0.809363388575981	0.816674013615099	1.1052919021641	0.983459220315693	0.759698068703178	1.07348439804349	0.866004273229082	0.687855732011059	0.76001868132834	0.86477165921289	0.921699642542289	0.937058018037972	0.824969400064502	1.00951643481373	1.08689679377236	0.970841400578048	0.754623810604133	0.707839056016384	1.05381443365029	1.01930247737962	0.763213193966026	0.719459032141837	0.886403427066768	0.737825034950001
LN3	0.92741235637785	0.727211179671018	0	0.789628796843279	0.837034558221348	0.414936531658897	0.785389055989095	0.370122565050284	1.0471975511966	0.509065769703162	0.255652051692053	0.582983124141534	0.439817328744042	0.480457307201613	0.956738910527301	0.636995881301579	0.585941582430852	0.986788620927201	0.48263536921334	0.462465945791785	0.245557687232851	0.586108710658263	0.601244540781155	0.744908359987424	0.453657152715072	0.684779470580934	0.821455305100734	0.552893729578475	1.18013440218213	0.250489219811705	0.789281515606477	0.617793798400543	0.466692977028229	0.435629981206902	0.451220169685999	0.343849974516079
LN4	0.306828326873016	0.756809711593326	0.789628796843279	0	0.350514068914839	0.899809309397126	0.346490085698861	0.835846969577134	1.0471975511966	1.08473790530064	0.785446655905744	1.07916158018711	0.96141399750299	1.03753078428966	1.42380220449856	1.24929303691229	1.08066168991945	1.33931429001955	1.08405052630583	0.944077183508107	0.865348735299335	1.15732630526835	1.18989002320129	1.24036211341805	1.08766982217636	1.26502101479168	1.33383252266406	1.17281076129621	0.872204438987917	0.782329136797127	1.30548733247219	1.2284915258773	0.918611335722743	0.850787073750947	1.02900426327026	0.869202140014659
LN5	0.287525919363942	0.809781004587486	0.837034558221348	0.350514068914839	0	0.958212421414917	0.55582139500463	0.909439279461381	1.0471975511966	1.18411796518342	0.825905508991685	1.12953113020986	1.04311355949668	1.12325732135917	1.54649608518798	1.31563817850556	1.17423706367409	1.51559383784645	1.16265009537285	1.04009876165184	0.91074007287356	1.22684648028278	1.23797756510903	1.36215215052647	1.15359189976787	1.32753564610877	1.40485348481569	1.2434807219491	0.86548586914189	0.831957608303798	1.37661933336743	1.29733711553838	1.01501178013258	0.957017459195423	1.09885406032039	0.951868236354244
LN6	1.00639078830159	0.840623956307959	0.414936531658897	0.899809309397126	0.958212421414917	0	0.782515764903965	0.371363582408072	1.0471975511966	0.554254863852182	0.385346400850715	0.590916540072888	0.405383841545297	0.468406421691584	0.912102253510956	0.603795949974851	0.593446957184389	0.971155041309766	0.458819065918	0.501708437836472	0.360036766328786	0.508810376316294	0.52213596608355	0.733366985178948	0.491443655900791	0.668904188409792	0.779015158240364	0.474535595453295	1.30186047417608	0.433453226068952	0.741787795012632	0.559924768437693	0.451397823130004	0.399132113386465	0.519066223201698	0.418366604301558
LN7	0.447253869236608	0.746466086682253	0.785389055989095	0.346490085698861	0.55582139500463	0.782515764903965	0	0.776662369439666	1.0471975511966	1.00859200238034	0.773468168575273	1.02042750516119	0.880403314437636	0.949716695847869	1.30820953319197	1.1526382362159	0.975521439938737	1.23750854098228	0.989103572924232	0.864305117757702	0.841238542683786	1.0405527830741	1.10560158326569	1.13426658769491	0.999092190254866	1.16501963213329	1.23507456073847	1.069445466058	0.967144928421021	0.773070430121496	1.18815960746876	1.13870454396089	0.787536363084918	0.752016150013512	0.972463661069434	0.824455445972548
LN8	0.973385665373675	0.727368300939755	0.370122565050284	0.835846969577134	0.909439279461381	0.371363582408072	0.776662369439666	0	1.0471975511966	0.425714245699185	0.263557884132462	0.436038847715958	0.337193332808572	0.435359336261593	0.855740386704971	0.52040925847998	0.450556743413954	0.849404315917642	0.446146409659276	0.373872490588329	0.262272642759839	0.465461943815645	0.483969147922384	0.623239123948221	0.368013322402351	0.588291969337707	0.707274345709408	0.451082767741769	1.1850122738224	0.3264079626256	0.683889455504213	0.532891611262926	0.343115832310418	0.309028651003929	0.431667252490476	0.302261756140502
Normal1	1.0471975511966	1.0471975511966	1.0471975511966	1.0471975511966	1.0471975511966	1.0471975511966	1.0471975511966	1.0471975511966	0	1.0471975511966	1.0471975511966	1.0471975511966	1.0471975511966	1.0471975511966	1.0471975511966	1.0471975511966	1.0471975511966	1.0471975511966	1.0471975511966	1.0471975511966	1.0471975511966	1.0471975511966	1.0471975511966	1.0471975511966	1.0471975511966	1.0471975511966	1.0471975511966	1.0471975511966	1.0471975511966	1.0471975511966	1.0471975511966	1.0471975511966	1.0471975511966	1.0471975511966	1.0471975511966	1.0471975511966
Per1	1.24145658178979	0.844030639404837	0.509065769703162	1.08473790530064	1.18411796518342	0.554254863852182	1.00859200238034	0.425714245699185	1.0471975511966	0	0.463648022332801	0.472212823793286	0.325518469020088	0.316020250079461	0.706347744356273	0.378005129297634	0.335660819412291	0.716960058561602	0.430890432733959	0.327139428880182	0.413797732683568	0.359783021120101	0.414285542180018	0.475640836472184	0.257529141114092	0.424636695366794	0.550602063502652	0.392281128831719	1.32048579098521	0.518651123171543	0.532304218538403	0.455925012551296	0.359074285156219	0.376170868503554	0.439437187887154	0.394710219179749
Per10	0.910246056871735	0.732773690205305	0.255652051692053	0.785446655905744	0.825905508991685	0.385346400850715	0.773468168575273	0.263557884132462	1.0471975511966	0.463648022332801	0	0.504984142090123	0.353655218583863	0.439982759797058	0.916615149250874	0.561097928204657	0.518685106297583	0.94635849845989	0.486581876365641	0.404267722414827	0.176307837828175	0.51155610061115	0.497785317960745	0.696450422858262	0.410351958337032	0.602574827134356	0.732233020396295	0.482009084660305	1.16767696254932	0.215201215999368	0.723216017739587	0.552690457913669	0.403200963775305	0.383410805816897	0.42393870298972	0.282274002951075
Per11	1.20402539451731	0.838930689191427	0.582983124141534	1.07916158018711	1.12953113020986	0.590916540072888	1.02042750516119	0.436038847715958	1.0471975511966	0.472212823793286	0.504984142090123	0	0.429043788752048	0.512420321066807	0.735951252941559	0.582748222099854	0.3961748397334	0.738217049756634	0.517161752249723	0.420232196233472	0.509518733211858	0.452287538836881	0.467064706648118	0.566722224310582	0.453722523539852	0.597117891402272	0.662234394018243	0.500164106978636	1.17829795482733	0.540841798413922	0.634499415469985	0.57248844665134	0.478938545917722	0.525076801256409	0.547858426715998	0.479440240281123
Per12	1.09995584247423	0.809363388575981	0.439817328744042	0.96141399750299	1.04311355949668	0.405383841545297	0.880403314437636	0.337193332808572	1.0471975511966	0.325518469020088	0.353655218583863	0.429043788752048	0	0.312041907604402	0.819858467095527	0.512768819213707	0.390408205813751	0.848999210839033	0.420889736029169	0.274886943280489	0.364177516285756	0.355641073229667	0.392353058596347	0.61279533533312	0.311340348484894	0.574672570118033	0.678426253565263	0.421891006866679	1.26622796750689	0.413311797712893	0.657206416462374	0.527302079922057	0.300864216584019	0.332838519755576	0.490231234350209	0.344520343368534
Per13	1.1759087402596	0.816674013615099	0.480457307201613	1.03753078428966	1.12325732135917	0.468406421691584	0.949716695847869	0.435359336261593	1.0471975511966	0.316020250079461	0.439982759797058	0.512420321066807	0.312041907604402	0	0.783863071982977	0.50574668619163	0.453808611356414	0.850322049829507	0.359899782006481	0.348823335242897	0.425540190263437	0.404050223505924	0.423970843851129	0.608240330368594	0.336576903753472	0.523526009894063	0.629587101015287	0.434626984801333	1.3170090748898	0.478640626511707	0.629151569725417	0.518387621777131	0.358885590529503	0.367416382186707	0.500658923634906	0.328344498392284
Per14	1.57490851701303	1.1052919021641	0.956738910527301	1.42380220449856	1.54649608518798	0.912102253510956	1.30820953319197	0.855740386704971	1.0471975511966	0.706347744356273	0.916615149250874	0.735951252941559	0.819858467095527	0.783863071982977	0	0.620867296061535	0.668910188814372	0.450834907650288	0.806954204760827	0.733908992393704	0.880342026469095	0.610340935475159	0.567039823732624	0.339948667062292	0.770819618504798	0.601016484412136	0.431759982633629	0.62086842293059	1.51256925138623	0.929858560990275	0.437650841858733	0.530990776809378	0.798765485859508	0.871259309307845	0.821175754140601	0.833383374983204
Per15	1.38023913100222	0.983459220315693	0.636995881301579	1.24929303691229	1.31563817850556	0.603795949974851	1.1526382362159	0.52040925847998	1.0471975511966	0.378005129297634	0.561097928204657	0.582748222099854	0.512768819213707	0.50574668619163	0.620867296061535	0	0.431854776042757	0.714454970944769	0.481755580351327	0.509788485790282	0.483840264745648	0.361164619461993	0.364159835987891	0.439911209474772	0.374123255212702	0.293964936094208	0.40821799678947	0.254657277626778	1.48076273624872	0.602258383610067	0.438430472286268	0.274983690747509	0.517443727886726	0.547579566633699	0.460525550030874	0.555574771480423
Per16	1.22605328534716	0.759698068703178	0.585941582430852	1.08066168991945	1.17423706367409	0.593446957184389	0.975521439938737	0.450556743413954	1.0471975511966	0.335660819412291	0.518685106297583	0.3961748397334	0.390408205813751	0.453808611356414	0.668910188814372	0.431854776042757	0	0.658429067753759	0.467246093161742	0.282439080135396	0.494562731041997	0.328932535990227	0.438020379366961	0.451568104170982	0.357975636043638	0.4857499931315	0.574592245562763	0.442857665951149	1.17639120929487	0.531106296312995	0.558282423815742	0.520245794671787	0.395668769152504	0.439863587076555	0.495856696652742	0.463587654413043
Per2	1.52914192698737	1.07348439804349	0.986788620927201	1.33931429001955	1.51559383784645	0.971155041309766	1.23750854098228	0.849404315917642	1.0471975511966	0.716960058561602	0.94635849845989	0.738217049756634	0.848999210839033	0.850322049829507	0.450834907650288	0.714454970944769	0.658429067753759	0	0.829036367342231	0.734357685110614	0.933685284185698	0.696020852298707	0.717778457860802	0.414618627419564	0.812190081710138	0.672776245386783	0.610615782738276	0.720352396232259	1.43069507051415	0.956917667712467	0.593901539042942	0.6700240404893	0.815765693351573	0.836851074564987	0.83929681724689	0.838585006694298
Per3	1.23618566314726	0.866004273229082	0.48263536921334	1.08405052630583	1.16265009537285	0.458819065918	0.989103572924232	0.446146409659276	1.0471975511966	0.430890432733959	0.486581876365641	0.517161752249723	0.420889736029169	0.359899782006481	0.806954204760827	0.481755580351327	0.467246093161742	0.829036367342231	0	0.419950094432155	0.446573940157131	0.443669172491227	0.464027186178221	0.666053116666744	0.32278076420109	0.464918588999568	0.627240618414427	0.399302877475472	1.37304382015279	0.47827733077355	0.627680722508868	0.499390054370498	0.451184757764962	0.385326995908477	0.39236352265078	0.350779876516164
Per4	1.09146059620645	0.687855732011059	0.462465945791785	0.944077183508107	1.04009876165184	0.501708437836472	0.864305117757702	0.373872490588329	1.0471975511966	0.327139428880182	0.404267722414827	0.420232196233472	0.274886943280489	0.348823335242897	0.733908992393704	0.509788485790282	0.282439080135396	0.734357685110614	0.419950094432155	0	0.417629064496513	0.340528336052893	0.421210063324778	0.512764059218129	0.33922848998765	0.552465215176439	0.642424255014726	0.472819311847787	1.15270245760148	0.409575664186561	0.633337104581364	0.547335157141956	0.316114256524772	0.35369584160605	0.465589369152441	0.330689733326028
Per5	0.995403938728645	0.76001868132834	0.245557687232851	0.865348735299335	0.91074007287356	0.360036766328786	0.841238542683786	0.262272642759839	1.0471975511966	0.413797732683568	0.176307837828175	0.509518733211858	0.364177516285756	0.425540190263437	0.880342026469095	0.483840264745648	0.494562731041997	0.933685284185698	0.446573940157131	0.417629064496513	0	0.493058387274137	0.478801181072491	0.659151724650685	0.358183931433622	0.567170592607002	0.702774518345987	0.42538278332154	1.21823282052617	0.277813307624037	0.692536236916168	0.48867131972326	0.417518849831963	0.391743554536231	0.368785013126444	0.316129309452406
Per6	1.28123924146778	0.86477165921289	0.586108710658263	1.15732630526835	1.22684648028278	0.508810376316294	1.0405527830741	0.465461943815645	1.0471975511966	0.359783021120101	0.51155610061115	0.452287538836881	0.355641073229667	0.404050223505924	0.610340935475159	0.361164619461993	0.328932535990227	0.696020852298707	0.443669172491227	0.340528336052893	0.493058387274137	0	0.269924452352018	0.411047073308688	0.365705648019068	0.446804323074663	0.470872691926622	0.299653681302601	1.32482125221786	0.525749150038821	0.475182545959859	0.379590970493024	0.357169330294553	0.445105589544795	0.563180789097343	0.470921829092606
Per7	1.31485607079236	0.921699642542289	0.601244540781155	1.18989002320129	1.23797756510903	0.52213596608355	1.10560158326569	0.483969147922384	1.0471975511966	0.414285542180018	0.497785317960745	0.467064706648118	0.392353058596347	0.423970843851129	0.567039823732624	0.364159835987891	0.438020379366961	0.717778457860802	0.464027186178221	0.421210063324778	0.478801181072491	0.269924452352018	0	0.445718283257862	0.404047004772431	0.398072543917037	0.402810281961893	0.272129381677504	1.41619216172706	0.562403112704549	0.41757265067347	0.290144222666384	0.473055584327878	0.524671603994693	0.517090967215712	0.479223427021197
Per8	1.3958864196088	0.937058018037972	0.744908359987424	1.24036211341805	1.36215215052647	0.733366985178948	1.13426658769491	0.623239123948221	1.0471975511966	0.475640836472184	0.696450422858262	0.566722224310582	0.61279533533312	0.608240330368594	0.339948667062292	0.439911209474772	0.451568104170982	0.414618627419564	0.666053116666744	0.512764059218129	0.659151724650685	0.411047073308688	0.445718283257862	0	0.574000293022743	0.494073078706234	0.437312334744357	0.46936632214416	1.38299251316124	0.72557931440634	0.415521579073289	0.404876586654717	0.574334976760508	0.657545856891033	0.644574790309323	0.645047185002005
Per9	1.226298037889	0.824969400064502	0.453657152715072	1.08766982217636	1.15359189976787	0.491443655900791	0.999092190254866	0.368013322402351	1.0471975511966	0.257529141114092	0.410351958337032	0.453722523539852	0.311340348484894	0.336576903753472	0.770819618504798	0.374123255212702	0.357975636043638	0.812190081710138	0.32278076420109	0.33922848998765	0.358183931433622	0.365705648019068	0.404047004772431	0.574000293022743	0	0.411402491118157	0.590038402074848	0.373214282917058	1.31299921723504	0.447669644679936	0.579639751029132	0.462235486668371	0.361387199158227	0.376156344745873	0.36928131425587	0.355135642860581
PT1	1.40686526996351	1.00951643481373	0.684779470580934	1.26502101479168	1.32753564610877	0.668904188409792	1.16501963213329	0.588291969337707	1.0471975511966	0.424636695366794	0.602574827134356	0.597117891402272	0.574672570118033	0.523526009894063	0.601016484412136	0.293964936094208	0.4857499931315	0.672776245386783	0.464918588999568	0.552465215176439	0.567170592607002	0.446804323074663	0.398072543917037	0.494073078706234	0.411402491118157	0	0.322272101599021	0.348212818493283	1.48602704546684	0.657234812399308	0.322594806994947	0.326591631654864	0.547860635482669	0.578429998094241	0.471758892507639	0.518538704396765
PT2	1.47320609759473	1.08689679377236	0.821455305100734	1.33383252266406	1.40485348481569	0.779015158240364	1.23507456073847	0.707274345709408	1.0471975511966	0.550602063502652	0.732233020396295	0.662234394018243	0.678426253565263	0.629587101015287	0.431759982633629	0.40821799678947	0.574592245562763	0.610615782738276	0.627240618414427	0.642424255014726	0.702774518345987	0.470872691926622	0.402810281961893	0.437312334744357	0.590038402074848	0.322272101599021	0	0.406869242255076	1.5340709824264	0.768520230604295	0.216387725706158	0.343989517956742	0.62992501551367	0.692201345788736	0.669544339633	0.671387211081661
PT3	1.29968917285565	0.970841400578048	0.552893729578475	1.17281076129621	1.2434807219491	0.474535595453295	1.069445466058	0.451082767741769	1.0471975511966	0.392281128831719	0.482009084660305	0.500164106978636	0.421891006866679	0.434626984801333	0.62086842293059	0.254657277626778	0.442857665951149	0.720352396232259	0.399302877475472	0.472819311847787	0.42538278332154	0.299653681302601	0.272129381677504	0.46936632214416	0.373214282917058	0.348212818493283	0.406869242255076	0	1.46290942229143	0.512951782892756	0.431209294236744	0.217961661375387	0.437870618932386	0.480270118722281	0.45550090902873	0.466542444226043
PT4	0.852588187237408	0.754623810604133	1.18013440218213	0.872204438987917	0.86548586914189	1.30186047417608	0.967144928421021	1.1850122738224	1.0471975511966	1.32048579098521	1.16767696254932	1.17829795482733	1.26622796750689	1.3170090748898	1.51256925138623	1.48076273624872	1.17639120929487	1.43069507051415	1.37304382015279	1.15270245760148	1.21823282052617	1.32482125221786	1.41619216172706	1.38299251316124	1.31299921723504	1.48602704546684	1.5340709824264	1.46290942229143	0	1.1113964732254	1.51542095909334	1.52129367910878	1.23178841965203	1.22260728107388	1.34742524865823	1.18275634687973
PT5	0.895495780266113	0.707839056016384	0.250489219811705	0.782329136797127	0.831957608303798	0.433453226068952	0.773070430121496	0.3264079626256	1.0471975511966	0.518651123171543	0.215201215999368	0.540841798413922	0.413311797712893	0.478640626511707	0.929858560990275	0.602258383610067	0.531106296312995	0.956917667712467	0.47827733077355	0.409575664186561	0.277813307624037	0.525749150038821	0.562403112704549	0.72557931440634	0.447669644679936	0.657234812399308	0.768520230604295	0.512951782892756	1.1113964732254	0	0.774007506629285	0.610075335424066	0.422914836603949	0.419534694062873	0.469562805130319	0.314640042260657
PT6	1.4520043156442	1.05381443365029	0.789281515606477	1.30548733247219	1.37661933336743	0.741787795012632	1.18815960746876	0.683889455504213	1.0471975511966	0.532304218538403	0.723216017739587	0.634499415469985	0.657206416462374	0.629151569725417	0.437650841858733	0.438430472286268	0.558282423815742	0.593901539042942	0.627680722508868	0.633337104581364	0.692536236916168	0.475182545959859	0.41757265067347	0.415521579073289	0.579639751029132	0.322594806994947	0.216387725706158	0.431209294236744	1.51542095909334	0.774007506629285	0	0.374112581450336	0.597561770365274	0.677650196039751	0.670736501687237	0.656305979464761
PT7	1.36998296587119	1.01930247737962	0.617793798400543	1.2284915258773	1.29733711553838	0.559924768437693	1.13870454396089	0.532891611262926	1.0471975511966	0.455925012551296	0.552690457913669	0.57248844665134	0.527302079922057	0.518387621777131	0.530990776809378	0.274983690747509	0.520245794671787	0.6700240404893	0.499390054370498	0.547335157141956	0.48867131972326	0.379590970493024	0.290144222666384	0.404876586654717	0.462235486668371	0.326591631654864	0.343989517956742	0.217961661375387	1.52129367910878	0.610075335424066	0.374112581450336	0	0.543488991278375	0.580167640531605	0.495436234104418	0.535537476589647
PT8	1.04440327772296	0.763213193966026	0.466692977028229	0.918611335722743	1.01501178013258	0.451397823130004	0.787536363084918	0.343115832310418	1.0471975511966	0.359074285156219	0.403200963775305	0.478938545917722	0.300864216584019	0.358885590529503	0.798765485859508	0.517443727886726	0.395668769152504	0.815765693351573	0.451184757764962	0.316114256524772	0.417518849831963	0.357169330294553	0.473055584327878	0.574334976760508	0.361387199158227	0.547860635482669	0.62992501551367	0.437870618932386	1.23178841965203	0.422914836603949	0.597561770365274	0.543488991278375	0	0.286392655885881	0.548139565713448	0.3702685981285
TD1	1.00532169782327	0.719459032141837	0.435629981206902	0.850787073750947	0.957017459195423	0.399132113386465	0.752016150013512	0.309028651003929	1.0471975511966	0.376170868503554	0.383410805816897	0.525076801256409	0.332838519755576	0.367416382186707	0.871259309307845	0.547579566633699	0.439863587076555	0.836851074564987	0.385326995908477	0.35369584160605	0.391743554536231	0.445105589544795	0.524671603994693	0.657545856891033	0.376156344745873	0.578429998094241	0.692201345788736	0.480270118722281	1.22260728107388	0.419534694062873	0.677650196039751	0.580167640531605	0.286392655885881	0	0.505543284878099	0.33219198241389
TD2	1.16233296417421	0.886403427066768	0.451220169685999	1.02900426327026	1.09885406032039	0.519066223201698	0.972463661069434	0.431667252490476	1.0471975511966	0.439437187887154	0.42393870298972	0.547858426715998	0.490231234350209	0.500658923634906	0.821175754140601	0.460525550030874	0.495856696652742	0.83929681724689	0.39236352265078	0.465589369152441	0.368785013126444	0.563180789097343	0.517090967215712	0.644574790309323	0.36928131425587	0.471758892507639	0.669544339633	0.45550090902873	1.34742524865823	0.469562805130319	0.670736501687237	0.495436234104418	0.548139565713448	0.505543284878099	0	0.395035266222044
TD3	1.02056682332279	0.737825034950001	0.343849974516079	0.869202140014659	0.951868236354244	0.418366604301558	0.824455445972548	0.302261756140502	1.0471975511966	0.394710219179749	0.282274002951075	0.479440240281123	0.344520343368534	0.328344498392284	0.833383374983204	0.555574771480423	0.463587654413043	0.838585006694298	0.350779876516164	0.330689733326028	0.316129309452406	0.470921829092606	0.479223427021197	0.645047185002005	0.355135642860581	0.518538704396765	0.671387211081661	0.466542444226043	1.18275634687973	0.314640042260657	0.656305979464761	0.535537476589647	0.3702685981285	0.33219198241389	0.395035266222044	0
