	Liv1a	Liv1b	Liv1c	Liv2	LN1	LN2	LN3	LN4	LN5a	LN5b	LN6	Normal1	Per1	Per10	Per11	Per12	Per13	Per14a	Per14b	Per14c	Per15a	Per15b	Per15c	Per16a	Per16b	Per16c	Per2	Per3	Per4a	Per4b	Per5	Per6	Per7	Per8	Per9	PT1	PT10	PT2	PT3	PT4	PT5	PT6	PT7	PT8	PT9
Liv1a	0	0.189964544400603	0.274291551768811	0.758995875934177	0.381496463713454	0.38669404867076	0.429953728789215	0.32819616727481	0.396360302283131	0.461202675756168	0.377786964116328	1.0471975511966	0.302026521513695	0.402286185464792	0.509476934110766	0.443893128538061	0.637302397246603	1.13064792489854	0.637160352541342	0.893498011818394	0.541747322247924	0.56396753753414	0.580097670263953	0.723248008765358	0.625660037510602	0.688892794458983	0.448058292868168	0.394489081597728	0.474475346561852	0.483703041254957	0.595361829624221	0.467413246180368	0.772274566384691	0.30609220105029	0.403204827935395	0.295628945064727	0.562874369559487	0.346334168989794	0.440139108722877	0.412351993099156	0.372592272116435	0.273658534751098	0.324092046501438	0.469830392942417	0.554972722101554
Liv1b	0.189964544400603	0	0.331111935214072	0.800201770210862	0.436732448684677	0.416524002670464	0.527044949327135	0.393761685922199	0.407832085704147	0.474828996209771	0.434733631039313	1.0471975511966	0.339299087298315	0.43545084408216	0.505194926525811	0.452392164864228	0.66262423517013	1.15578731538275	0.604810389878323	0.885545504839718	0.570540126904664	0.622515505624117	0.638310518049651	0.792989672294779	0.696434481319015	0.754961177726091	0.473029896349037	0.426158126372109	0.522601314895276	0.481676067654819	0.633637107063503	0.438752647294304	0.759954871130468	0.346462451850056	0.398045838197953	0.306902537314244	0.490485457219332	0.311687441928406	0.419151859948016	0.45060293398187	0.404367518144866	0.29104510953764	0.275970646437461	0.487257360828972	0.507548550658934
Liv1c	0.274291551768811	0.331111935214072	0	0.638412046302463	0.431619414194793	0.473399364600241	0.505539272421943	0.424368390521132	0.405352588301545	0.397928393239977	0.41654753458941	1.0471975511966	0.374755839664425	0.378992059433369	0.37534800239639	0.35379615566329	0.524995758898998	1.09817048311392	0.450854739539075	0.799468848857969	0.410552553386537	0.532127089650446	0.506642998414418	0.635304865044487	0.557748789692521	0.65909713673169	0.370117582324532	0.372761461658769	0.432587124475108	0.403665995742207	0.492331809685143	0.38360232036441	0.639408456415869	0.409687425387386	0.313252200805525	0.365004544205401	0.596820411014016	0.396594633117896	0.525889696320454	0.383064587133259	0.365040724391409	0.396079758675184	0.345630711126045	0.51104936883343	0.493121936894628
Liv2	0.758995875934177	0.800201770210862	0.638412046302463	0	0.595506428289917	0.677624279612566	0.69051066163286	0.712174075821872	0.612424632444651	0.575348099742673	0.558326204720926	1.0471975511966	0.675861954665662	0.535679090774433	0.529068926052628	0.603703376101144	0.349503761581357	0.877206227350334	0.514228602909521	0.579821239984465	0.45398378414815	0.48521711666341	0.395250131891784	0.29804336044265	0.387723799015165	0.350692591395363	0.520378193304853	0.522488864775298	0.497797628347726	0.529781062804781	0.445923575699979	0.555732902210948	0.770504650520585	0.651236933019011	0.549156302749222	0.645701471867677	0.881096609072595	0.670995229247074	0.754121679573711	0.57055456096746	0.600762133481448	0.674161661974279	0.702633300020349	0.624094341677474	0.737428434886188
LN1	0.381496463713454	0.436732448684677	0.431619414194793	0.595506428289917	0	0.292515661975974	0.354205153302444	0.273689888436855	0.202613676978729	0.322597220599248	0.162724679504839	1.0471975511966	0.242993401077885	0.234165250089458	0.379140899095491	0.379985396116678	0.431525459320229	1.12803643808295	0.555333473743575	0.833931142721587	0.37457363505997	0.337124662075045	0.394912818539332	0.605054538356618	0.447239457704804	0.565112532083952	0.309466983531258	0.208608983178165	0.280298188929352	0.315978276990733	0.479306302285915	0.388599633486272	0.660791946400223	0.22978924278438	0.331721118976921	0.246002163496329	0.512700457799461	0.343430113493077	0.454888878513046	0.192034248243445	0.228219345544051	0.325706961543609	0.343307851746381	0.359200260634072	0.540153026910433
LN2	0.38669404867076	0.416524002670464	0.473399364600241	0.677624279612566	0.292515661975974	0	0.420413465999923	0.330973258737702	0.289361103551593	0.421019790025897	0.293408115411264	1.0471975511966	0.361489147257378	0.34790287212779	0.472364955253793	0.449226511119248	0.568272401174766	1.160023515568	0.659155727872653	0.856437990932632	0.458456995580673	0.490557958377942	0.505270500057602	0.701244759769751	0.553287060516519	0.571080467196981	0.429086950717033	0.357955518936697	0.468738691340823	0.455439107334282	0.551978215263729	0.490092989284108	0.741325034353055	0.279390261268294	0.412514749470297	0.288093439325994	0.524671662471308	0.325333735724258	0.494330033012834	0.367872885788721	0.328026177084829	0.344052175819044	0.393674041804356	0.352513388666371	0.503896532350409
LN3	0.429953728789215	0.527044949327135	0.505539272421943	0.69051066163286	0.354205153302444	0.420413465999923	0	0.287952564583298	0.449997323316303	0.572749993502128	0.354714419732128	1.0471975511966	0.426769245824534	0.45888359432974	0.581372360544467	0.573362603747142	0.573999563938731	1.08867084985604	0.694560119697248	0.894971419529674	0.552463009208255	0.450216367276158	0.500640117260462	0.635719638861581	0.527441765616292	0.573889043526016	0.46430583071072	0.469002767310981	0.451723805309665	0.514805379666094	0.568316144649278	0.576485965773106	0.781248351753876	0.436601990825019	0.525721879374298	0.391779893612489	0.637823853536029	0.489335077946973	0.455323795911165	0.436584820263403	0.473436396051924	0.363990316140323	0.457753476339186	0.456975276047593	0.580866588364478
LN4	0.32819616727481	0.393761685922199	0.424368390521132	0.712174075821872	0.273689888436855	0.330973258737702	0.287952564583298	0	0.303967291350808	0.462758721444808	0.263662028891082	1.0471975511966	0.32228150812804	0.310402858262128	0.487592298881433	0.392758500666898	0.567649928960913	1.20858352240657	0.645651367456494	0.931274375616581	0.479195038766587	0.454196387305461	0.492816819953321	0.721362935980951	0.586719283561027	0.65631941065019	0.408160861813556	0.373501461367985	0.438332758577134	0.437417578193315	0.593127814120347	0.479658756658816	0.655897898516984	0.26540064731097	0.431177499913259	0.224800235685371	0.492855363881571	0.34535865216063	0.444418295811346	0.298547303004242	0.319083428462165	0.281486796423817	0.357285109434777	0.342759550775648	0.556687031727167
LN5a	0.396360302283131	0.407832085704147	0.405352588301545	0.612424632444651	0.202613676978729	0.289361103551593	0.449997323316303	0.303967291350808	0	0.264070241438381	0.199540353594882	1.0471975511966	0.275915199304956	0.235041217720587	0.299028095672092	0.294000434451698	0.430247476736614	1.18162453682392	0.507594956048677	0.844681458148486	0.324809298926647	0.375623275438011	0.404133211213986	0.653550812092703	0.478112512275152	0.61977466812904	0.272264634439719	0.211531905192044	0.320077681078846	0.296702405394659	0.473564481626288	0.322681425095866	0.588204075974296	0.223866439442879	0.274377824948208	0.23107368715868	0.458488853889058	0.315391164159779	0.464404692071991	0.207367211239954	0.206771247581723	0.320199175541158	0.295841940936262	0.341766806068094	0.48501674874122
LN5b	0.461202675756168	0.474828996209771	0.397928393239977	0.575348099742673	0.322597220599248	0.421019790025897	0.572749993502128	0.462758721444808	0.264070241438381	0	0.313569739219275	1.0471975511966	0.32501457433298	0.314211665867882	0.25231582217261	0.359096403539505	0.389890435174821	1.09873322273466	0.463339597970584	0.753280123791946	0.323064751298217	0.452754745749225	0.479143146228189	0.620247167835607	0.471938760475403	0.602152712270945	0.233074401160776	0.240265794135948	0.37407010704908	0.278396543348395	0.454544630583046	0.302044532903151	0.620817874900571	0.383395210664915	0.184917426880071	0.385552966641151	0.518964941048808	0.447523531282612	0.537682842183053	0.318547886851441	0.318696444772261	0.459986491848864	0.386260157376347	0.47390554987145	0.528755448173243
LN6	0.377786964116328	0.434733631039313	0.41654753458941	0.558326204720926	0.162724679504839	0.293408115411264	0.354714419732128	0.263662028891082	0.199540353594882	0.313569739219275	0	1.0471975511966	0.238164654998484	0.226450254320368	0.380013280479379	0.378304161095573	0.419857776211506	1.10739657171095	0.55658401467546	0.821470287255814	0.365977916163442	0.360757881304034	0.393859347268259	0.580426756256301	0.417264390410247	0.537055926620728	0.28648209731564	0.195053517921191	0.288426666011016	0.297740385233405	0.437963484863092	0.35930148612813	0.640556877146583	0.236363373022942	0.315077527842338	0.255318836246167	0.533113703292157	0.368475050952	0.465794577327361	0.236677951259023	0.24550979310033	0.302086044394769	0.349668760196819	0.336544831018059	0.533522095898347
Normal1	1.0471975511966	1.0471975511966	1.0471975511966	1.0471975511966	1.0471975511966	1.0471975511966	1.0471975511966	1.0471975511966	1.0471975511966	1.0471975511966	1.0471975511966	0	1.0471975511966	1.0471975511966	1.0471975511966	1.0471975511966	1.0471975511966	1.0471975511966	1.0471975511966	1.0471975511966	1.0471975511966	1.0471975511966	1.0471975511966	1.0471975511966	1.0471975511966	1.0471975511966	1.0471975511966	1.0471975511966	1.0471975511966	1.0471975511966	1.0471975511966	1.0471975511966	1.0471975511966	1.0471975511966	1.0471975511966	1.0471975511966	1.0471975511966	1.0471975511966	1.0471975511966	1.0471975511966	1.0471975511966	1.0471975511966	1.0471975511966	1.0471975511966	1.0471975511966
Per1	0.302026521513695	0.339299087298315	0.374755839664425	0.675861954665662	0.242993401077885	0.361489147257378	0.426769245824534	0.32228150812804	0.275915199304956	0.32501457433298	0.238164654998484	1.0471975511966	0	0.301338897334699	0.398067098435437	0.429691865833396	0.500245906014945	1.10079563008117	0.563279454421065	0.832361797813457	0.453452315134492	0.460909886164937	0.529443012737411	0.668262556370537	0.528167180581841	0.654357361440267	0.318229179507907	0.276742954028344	0.352232700305684	0.312420582250447	0.504048483581154	0.348218174405871	0.661886905450905	0.301201804737598	0.304425526566006	0.282601162590297	0.464988099390183	0.372894886397115	0.443665934011914	0.310599442767414	0.293414567746954	0.3161673148037	0.286086519852846	0.451785885236495	0.557082502100312
Per10	0.402286185464792	0.43545084408216	0.378992059433369	0.535679090774433	0.234165250089458	0.34790287212779	0.45888359432974	0.310402858262128	0.235041217720587	0.314211665867882	0.226450254320368	1.0471975511966	0.301338897334699	0	0.304573234215253	0.231407245527516	0.395835250901267	1.09991580941188	0.458568367591825	0.767964800015184	0.334848235975679	0.40281217109098	0.377273018061075	0.578548849761619	0.465033984209531	0.551378504884162	0.269713059318091	0.188764621720379	0.29312574589892	0.270120515057733	0.439565284264756	0.345139030658179	0.554885611865684	0.254520673298128	0.285187312095735	0.231839454466148	0.487123138308693	0.295853362136303	0.481076717376808	0.163778765094491	0.178229987697207	0.374553199225147	0.346906391950362	0.33212399032337	0.499018127844225
Per11	0.509476934110766	0.505194926525811	0.37534800239639	0.529068926052628	0.379140899095491	0.472364955253793	0.581372360544467	0.487592298881433	0.299028095672092	0.25231582217261	0.380013280479379	1.0471975511966	0.398067098435437	0.304573234215253	0	0.314500114459043	0.333236297221212	1.06785088797686	0.284743539017898	0.67988074298068	0.286342974224379	0.425216082357394	0.41884204625619	0.586086398281057	0.463648372302045	0.617121825059944	0.191356672762394	0.278042286464121	0.326204007498402	0.229061250711692	0.391466152071952	0.270360013918934	0.481245865642495	0.433508579974966	0.227378306786788	0.380101550414793	0.516497934209	0.424942868639514	0.535594572203437	0.289213994887457	0.292381864826786	0.492079727750596	0.365344785514721	0.513655529720473	0.438863314874894
Per12	0.443893128538061	0.452392164864228	0.35379615566329	0.603703376101144	0.379985396116678	0.449226511119248	0.573362603747142	0.392758500666898	0.294000434451698	0.359096403539505	0.378304161095573	1.0471975511966	0.429691865833396	0.231407245527516	0.314500114459043	0	0.478783247962499	1.22741265006533	0.447424523717103	0.864462460893833	0.323071345928268	0.48224374291851	0.420635783818036	0.67726762852001	0.574591358177156	0.673163724200686	0.350958392784968	0.30604125159024	0.41093485599852	0.374835041762972	0.546877267533332	0.377453802218648	0.529615234331869	0.32238767261886	0.325115867867195	0.313319235771464	0.52642486902844	0.314643437157112	0.546667222543783	0.253063252510751	0.259454547332365	0.431068817367465	0.390686136280279	0.373137663128658	0.503203366334405
Per13	0.637302397246603	0.66262423517013	0.524995758898998	0.349503761581357	0.431525459320229	0.568272401174766	0.573999563938731	0.567649928960913	0.430247476736614	0.389890435174821	0.419857776211506	1.0471975511966	0.500245906014945	0.395835250901267	0.333236297221212	0.478783247962499	0	0.909881242632894	0.366926664211912	0.572310002967386	0.319607004536155	0.388644816967457	0.376737236684631	0.394519879600011	0.330182547664865	0.45113696845407	0.331784224982323	0.37379514985001	0.336834824151271	0.331136817406504	0.291268579029737	0.383103573196221	0.576861116575329	0.536042304526414	0.345333103820451	0.512442379987794	0.705322936683539	0.55939422591973	0.645109566715812	0.409474226992216	0.473717426675977	0.566528673525278	0.537533215516424	0.584749602381439	0.62407801183599
Per14a	1.13064792489854	1.15578731538275	1.09817048311392	0.877206227350334	1.12803643808295	1.160023515568	1.08867084985604	1.20858352240657	1.18162453682392	1.09873322273466	1.10739657171095	1.0471975511966	1.10079563008117	1.09991580941188	1.06785088797686	1.22741265006533	0.909881242632894	0	0.984068075484916	0.526408745942909	1.14036129941783	1.09436866013156	1.08606111306713	0.744111342971576	0.898926417335152	0.77437505806648	1.01982360433957	1.07901662949253	1.01800548240709	1.0335229683336	0.890409748622135	1.0354158345692	1.21514256327295	1.20134481473644	1.03008076421751	1.16189489679922	1.24532923833615	1.17309907701931	1.05207463322529	1.15291512577783	1.17375962740109	1.15047097492463	1.11994037702847	1.2425734672694	1.11087554673225
Per14b	0.637160352541342	0.604810389878323	0.450854739539075	0.514228602909521	0.555333473743575	0.659155727872653	0.694560119697248	0.645651367456494	0.507594956048677	0.463339597970584	0.55658401467546	1.0471975511966	0.563279454421065	0.458568367591825	0.284743539017898	0.447424523717103	0.366926664211912	0.984068075484916	0	0.606435014278546	0.400525203659788	0.544665253503578	0.499610866016113	0.581313475780551	0.539545498181765	0.667648695141607	0.386133608625018	0.452097291527412	0.445170796959065	0.361616220800533	0.432149340889646	0.376051559323197	0.531075902147083	0.61007132894172	0.367642320442039	0.5434590485823	0.631367887352616	0.533579574760417	0.623231431710081	0.463370182076794	0.491556349732553	0.612332274803898	0.476951735921516	0.645556797437174	0.481665341637039
Per14c	0.893498011818394	0.885545504839718	0.799468848857969	0.579821239984465	0.833931142721587	0.856437990932632	0.894971419529674	0.931274375616581	0.844681458148486	0.753280123791946	0.821470287255814	1.0471975511966	0.832361797813457	0.767964800015184	0.67988074298068	0.864462460893833	0.572310002967386	0.526408745942909	0.606435014278546	0	0.772786941093682	0.817411725470876	0.796050468665265	0.558107291675659	0.67234242380983	0.583198951458996	0.685458920058116	0.757005081033361	0.741771916993163	0.703769483037484	0.585455924525603	0.681679975952406	0.869334790957289	0.897801981173797	0.689440987331355	0.852669168442128	0.933152912045178	0.851998423279479	0.857617999908869	0.82174369244645	0.82881836485545	0.897105105168164	0.822068460557569	0.932455277839181	0.805987526485067
Per15a	0.541747322247924	0.570540126904664	0.410552553386537	0.45398378414815	0.37457363505997	0.458456995580673	0.552463009208255	0.479195038766587	0.324809298926647	0.323064751298217	0.365977916163442	1.0471975511966	0.453452315134492	0.334848235975679	0.286342974224379	0.323071345928268	0.319607004536155	1.14036129941783	0.400525203659788	0.772786941093682	0	0.393627015103354	0.339436476875039	0.561779589648571	0.423256893038323	0.558935542255399	0.311690252584215	0.321637316240527	0.382467057635772	0.322313279740879	0.399434969857773	0.366434924166994	0.567547902013945	0.420940133870065	0.298339943910575	0.415132014203908	0.604520151552537	0.443530116782688	0.610688913280784	0.303723874515212	0.354001637483518	0.472729632857048	0.451988107678169	0.426320727782167	0.518979015533999
Per15b	0.56396753753414	0.622515505624117	0.532127089650446	0.48521711666341	0.337124662075045	0.490557958377942	0.450216367276158	0.454196387305461	0.375623275438011	0.452754745749225	0.360757881304034	1.0471975511966	0.460909886164937	0.40281217109098	0.425216082357394	0.48224374291851	0.388644816967457	1.09436866013156	0.544665253503578	0.817411725470876	0.393627015103354	0	0.197755041620165	0.461102382249269	0.318259253087141	0.505015937792382	0.39776914158869	0.385480559303445	0.290340327631361	0.406537973870759	0.487249947177005	0.469963817471605	0.665795680949685	0.425086307495579	0.46687745345585	0.404066557008565	0.699731320004915	0.518908900669134	0.58323796620468	0.353954529160399	0.406155070375499	0.43700224975785	0.469991536060811	0.494080483145904	0.621142892555782
Per15c	0.580097670263953	0.638310518049651	0.506642998414418	0.395250131891784	0.394912818539332	0.505270500057602	0.500640117260462	0.492816819953321	0.404133211213986	0.479143146228189	0.393859347268259	1.0471975511966	0.529443012737411	0.377273018061075	0.41884204625619	0.420635783818036	0.376737236684631	1.08606111306713	0.499610866016113	0.796050468665265	0.339436476875039	0.197755041620165	0	0.408482382257948	0.300464860079795	0.451588070798708	0.411779703554723	0.376755606989978	0.303920115198174	0.420931994393488	0.444447097803259	0.489537895842938	0.664069363993416	0.430672883985499	0.469460704103294	0.416982834727325	0.730678369922998	0.495769986575657	0.601040388111799	0.354756860340908	0.399213518197372	0.466084333698462	0.504851146447871	0.450580617730744	0.588888249554616
Per16a	0.723248008765358	0.792989672294779	0.635304865044487	0.29804336044265	0.605054538356618	0.701244759769751	0.635719638861581	0.721362935980951	0.653550812092703	0.620247167835607	0.580426756256301	1.0471975511966	0.668262556370537	0.578548849761619	0.586086398281057	0.67726762852001	0.394519879600011	0.744111342971576	0.581313475780551	0.558107291675659	0.561779589648571	0.461102382249269	0.408482382257948	0	0.276700997194695	0.293575348178679	0.537361867767622	0.547107369701236	0.448766491074382	0.552996915071907	0.422607846211313	0.589865777241029	0.812058491885722	0.674435086315871	0.585405324271218	0.657218984918738	0.925935805375376	0.719665022272373	0.722528940279047	0.604511838706783	0.638162547754981	0.674425774878662	0.692234702509519	0.703647531012876	0.750262186513144
Per16b	0.625660037510602	0.696434481319015	0.557748789692521	0.387723799015165	0.447239457704804	0.553287060516519	0.527441765616292	0.586719283561027	0.478112512275152	0.471938760475403	0.417264390410247	1.0471975511966	0.528167180581841	0.465033984209531	0.463648372302045	0.574591358177156	0.330182547664865	0.898926417335152	0.539545498181765	0.67234242380983	0.423256893038323	0.318259253087141	0.300464860079795	0.276700997194695	0	0.374592203981073	0.408039902790576	0.400748007397098	0.304801525809074	0.403245590748945	0.334053661861578	0.488345443001748	0.699103335681913	0.540299092125194	0.460754661232635	0.530426745916397	0.784416733212661	0.63476546503871	0.631163852846406	0.454157935249009	0.497284003666906	0.556619709190953	0.556423300615061	0.59147835265868	0.633732539062267
Per16c	0.688892794458983	0.754961177726091	0.65909713673169	0.350692591395363	0.565112532083952	0.571080467196981	0.573889043526016	0.65631941065019	0.61977466812904	0.602152712270945	0.537055926620728	1.0471975511966	0.654357361440267	0.551378504884162	0.617121825059944	0.673163724200686	0.45113696845407	0.77437505806648	0.667648695141607	0.583198951458996	0.558935542255399	0.505015937792382	0.451588070798708	0.293575348178679	0.374592203981073	0	0.545385283056969	0.546768995203568	0.529385120038617	0.58272458123809	0.483658846250809	0.625993711753783	0.890233949812349	0.618389722873241	0.579970198339389	0.609180222806645	0.856459917528724	0.644396056114501	0.660805864033863	0.601054355433345	0.626304888095934	0.620401417253733	0.684293888926044	0.595275483815484	0.705473024048266
Per2	0.448058292868168	0.473029896349037	0.370117582324532	0.520378193304853	0.309466983531258	0.429086950717033	0.46430583071072	0.408160861813556	0.272264634439719	0.233074401160776	0.28648209731564	1.0471975511966	0.318229179507907	0.269713059318091	0.191356672762394	0.350958392784968	0.331784224982323	1.01982360433957	0.386133608625018	0.685458920058116	0.311690252584215	0.39776914158869	0.411779703554723	0.537361867767622	0.408039902790576	0.545385283056969	0	0.232273277376483	0.277314852915415	0.188609787672369	0.36426886613543	0.256798058591773	0.556533935784047	0.386236263509257	0.206298582191225	0.324974032280521	0.475790635686726	0.414774616041199	0.43237120149256	0.261441800718175	0.28116938966323	0.414548681893153	0.317895434649099	0.436559070174555	0.424051848636547
Per3	0.394489081597728	0.426158126372109	0.372761461658769	0.522488864775298	0.208608983178165	0.357955518936697	0.469002767310981	0.373501461367985	0.211531905192044	0.240265794135948	0.195053517921191	1.0471975511966	0.276742954028344	0.188764621720379	0.278042286464121	0.30604125159024	0.37379514985001	1.07901662949253	0.452097291527412	0.757005081033361	0.321637316240527	0.385480559303445	0.376755606989978	0.547107369701236	0.400748007397098	0.546768995203568	0.232273277376483	0	0.223612436347011	0.230231983722785	0.39397651889009	0.302874074828486	0.60995822588106	0.265022941598744	0.239518268538201	0.282540739010055	0.529922552953525	0.354118844142241	0.464978834209748	0.193454645671561	0.181456574684336	0.381272039619109	0.343214463948495	0.389201343881426	0.492872552715751
Per4a	0.474475346561852	0.522601314895276	0.432587124475108	0.497797628347726	0.280298188929352	0.468738691340823	0.451723805309665	0.438332758577134	0.320077681078846	0.37407010704908	0.288426666011016	1.0471975511966	0.352232700305684	0.29312574589892	0.326204007498402	0.41093485599852	0.336834824151271	1.01800548240709	0.445170796959065	0.741771916993163	0.382467057635772	0.290340327631361	0.303920115198174	0.448766491074382	0.304801525809074	0.529385120038617	0.277314852915415	0.223612436347011	0	0.25537278433744	0.34189015494703	0.357665006542924	0.591691120089926	0.377361470436453	0.355264880809889	0.35073378089706	0.619279529268827	0.460782048075352	0.499746897274907	0.262512758784592	0.295874275942427	0.429799368247804	0.393113333761044	0.492830383077799	0.536716737155711
Per4b	0.483703041254957	0.481676067654819	0.403665995742207	0.529781062804781	0.315978276990733	0.455439107334282	0.514805379666094	0.437417578193315	0.296702405394659	0.278396543348395	0.297740385233405	1.0471975511966	0.312420582250447	0.270120515057733	0.229061250711692	0.374835041762972	0.331136817406504	1.0335229683336	0.361616220800533	0.703769483037484	0.322313279740879	0.406537973870759	0.420931994393488	0.552996915071907	0.403245590748945	0.58272458123809	0.188609787672369	0.230231983722785	0.25537278433744	0	0.364855939796573	0.235191300415575	0.502320989784175	0.399426198392219	0.233404264839831	0.340284580241818	0.464233420146929	0.432021956091159	0.462242405116249	0.248504243338297	0.290439492809952	0.437774381766076	0.32341107305568	0.472455821499194	0.441423222266224
Per5	0.595361829624221	0.633637107063503	0.492331809685143	0.445923575699979	0.479306302285915	0.551978215263729	0.568316144649278	0.593127814120347	0.473564481626288	0.454544630583046	0.437963484863092	1.0471975511966	0.504048483581154	0.439565284264756	0.391466152071952	0.546877267533332	0.291268579029737	0.890409748622135	0.432149340889646	0.585455924525603	0.399434969857773	0.487249947177005	0.444447097803259	0.422607846211313	0.334053661861578	0.483658846250809	0.36426886613543	0.39397651889009	0.34189015494703	0.364855939796573	0	0.457402497438356	0.635002238840612	0.556537415486578	0.402501141360865	0.517878398596643	0.720252616830651	0.589514181904626	0.650915790976214	0.463240560246633	0.476099510358565	0.577046896054669	0.53740023342453	0.61103099187226	0.593246337005615
Per6	0.467413246180368	0.438752647294304	0.38360232036441	0.555732902210948	0.388599633486272	0.490092989284108	0.576485965773106	0.479658756658816	0.322681425095866	0.302044532903151	0.35930148612813	1.0471975511966	0.348218174405871	0.345139030658179	0.270360013918934	0.377453802218648	0.383103573196221	1.0354158345692	0.376051559323197	0.681679975952406	0.366434924166994	0.469963817471605	0.489537895842938	0.589865777241029	0.488345443001748	0.625993711753783	0.256798058591773	0.302874074828486	0.357665006542924	0.235191300415575	0.457402497438356	0	0.537468442864662	0.403453528667937	0.234275489151931	0.382068628923693	0.506379703291677	0.420132174312168	0.495502736148158	0.335116132371344	0.350890004987469	0.422141908130228	0.322502655518127	0.499493781640895	0.470503020400092
Per7	0.772274566384691	0.759954871130468	0.639408456415869	0.770504650520585	0.660791946400223	0.741325034353055	0.781248351753876	0.655897898516984	0.588204075974296	0.620817874900571	0.640556877146583	1.0471975511966	0.661886905450905	0.554885611865684	0.481245865642495	0.529615234331869	0.576861116575329	1.21514256327295	0.531075902147083	0.869334790957289	0.567547902013945	0.665795680949685	0.664069363993416	0.812058491885722	0.699103335681913	0.890233949812349	0.556533935784047	0.60995822588106	0.591691120089926	0.502320989784175	0.635002238840612	0.537468442864662	0	0.701693645939897	0.582281823523781	0.640328776591783	0.693597890145624	0.71008739803951	0.81663672670309	0.528929483379362	0.575247252441239	0.756682121702999	0.637348928666093	0.772360443221685	0.68489846082866
Per8	0.30609220105029	0.346462451850056	0.409687425387386	0.651236933019011	0.22978924278438	0.279390261268294	0.436601990825019	0.26540064731097	0.223866439442879	0.383395210664915	0.236363373022942	1.0471975511966	0.301201804737598	0.254520673298128	0.433508579974966	0.32238767261886	0.536042304526414	1.20134481473644	0.61007132894172	0.897801981173797	0.420940133870065	0.425086307495579	0.430672883985499	0.674435086315871	0.540299092125194	0.618389722873241	0.386236263509257	0.265022941598744	0.377361470436453	0.399426198392219	0.556537415486578	0.403453528667937	0.701693645939897	0	0.373764906643635	0.17908216959889	0.518826137932433	0.252607963839253	0.452132289170214	0.25312442417922	0.219210881971094	0.245048813048099	0.341231467812996	0.293023974671164	0.551837806397109
Per9	0.403204827935395	0.398045838197953	0.313252200805525	0.549156302749222	0.331721118976921	0.412514749470297	0.525721879374298	0.431177499913259	0.274377824948208	0.184917426880071	0.315077527842338	1.0471975511966	0.304425526566006	0.285187312095735	0.227378306786788	0.325115867867195	0.345333103820451	1.03008076421751	0.367642320442039	0.689440987331355	0.298339943910575	0.46687745345585	0.469460704103294	0.585405324271218	0.460754661232635	0.579970198339389	0.206298582191225	0.239518268538201	0.355264880809889	0.233404264839831	0.402501141360865	0.234275489151931	0.582281823523781	0.373764906643635	0	0.343929046380785	0.492239484397632	0.377106334301145	0.475235857922229	0.305182435981492	0.320366009832578	0.399680671307094	0.307230652386151	0.458239404389716	0.45481264883738
PT1	0.295628945064727	0.306902537314244	0.365004544205401	0.645701471867677	0.246002163496329	0.288093439325994	0.391779893612489	0.224800235685371	0.23107368715868	0.385552966641151	0.255318836246167	1.0471975511966	0.282601162590297	0.231839454466148	0.380101550414793	0.313319235771464	0.512442379987794	1.16189489679922	0.5434590485823	0.852669168442128	0.415132014203908	0.404066557008565	0.416982834727325	0.657218984918738	0.530426745916397	0.609180222806645	0.324974032280521	0.282540739010055	0.35073378089706	0.340284580241818	0.517878398596643	0.382068628923693	0.640328776591783	0.17908216959889	0.343929046380785	0	0.432553279529537	0.218635618436291	0.377002434237145	0.23147061522293	0.208869810005696	0.223488107848184	0.23448400917518	0.294437016238707	0.455669876766923
PT10	0.562874369559487	0.490485457219332	0.596820411014016	0.881096609072595	0.512700457799461	0.524671662471308	0.637823853536029	0.492855363881571	0.458488853889058	0.518964941048808	0.533113703292157	1.0471975511966	0.464988099390183	0.487123138308693	0.516497934209	0.52642486902844	0.705322936683539	1.24532923833615	0.631367887352616	0.933152912045178	0.604520151552537	0.699731320004915	0.730678369922998	0.925935805375376	0.784416733212661	0.856459917528724	0.475790635686726	0.529922552953525	0.619279529268827	0.464233420146929	0.720252616830651	0.506379703291677	0.693597890145624	0.518826137932433	0.492239484397632	0.432553279529537	0	0.449005360790682	0.414949561699223	0.47469639213726	0.474128277183617	0.526076929978857	0.37513497668068	0.491737980413123	0.439338778448259
PT2	0.346334168989794	0.311687441928406	0.396594633117896	0.670995229247074	0.343430113493077	0.325333735724258	0.489335077946973	0.34535865216063	0.315391164159779	0.447523531282612	0.368475050952	1.0471975511966	0.372894886397115	0.295853362136303	0.424942868639514	0.314643437157112	0.55939422591973	1.17309907701931	0.533579574760417	0.851998423279479	0.443530116782688	0.518908900669134	0.495769986575657	0.719665022272373	0.63476546503871	0.644396056114501	0.414774616041199	0.354118844142241	0.460782048075352	0.432021956091159	0.589514181904626	0.420132174312168	0.71008739803951	0.252607963839253	0.377106334301145	0.218635618436291	0.449005360790682	0	0.409900577627543	0.329347291131565	0.295417660391997	0.298701175422667	0.302534485987104	0.313277698772998	0.447597381102021
PT3	0.440139108722877	0.419151859948016	0.525889696320454	0.754121679573711	0.454888878513046	0.494330033012834	0.455323795911165	0.444418295811346	0.464404692071991	0.537682842183053	0.465794577327361	1.0471975511966	0.443665934011914	0.481076717376808	0.535594572203437	0.546667222543783	0.645109566715812	1.05207463322529	0.623231431710081	0.857617999908869	0.610688913280784	0.58323796620468	0.601040388111799	0.722528940279047	0.631163852846406	0.660805864033863	0.43237120149256	0.464978834209748	0.499746897274907	0.462242405116249	0.650915790976214	0.495502736148158	0.81663672670309	0.452132289170214	0.475235857922229	0.377002434237145	0.414949561699223	0.409900577627543	0	0.462548532565514	0.4674496295988	0.379967329349211	0.340830425134457	0.456831003803743	0.411596928635776
PT4	0.412351993099156	0.45060293398187	0.383064587133259	0.57055456096746	0.192034248243445	0.367872885788721	0.436584820263403	0.298547303004242	0.207367211239954	0.318547886851441	0.236677951259023	1.0471975511966	0.310599442767414	0.163778765094491	0.289213994887457	0.253063252510751	0.409474226992216	1.15291512577783	0.463370182076794	0.82174369244645	0.303723874515212	0.353954529160399	0.354756860340908	0.604511838706783	0.454157935249009	0.601054355433345	0.261441800718175	0.193454645671561	0.262512758784592	0.248504243338297	0.463240560246633	0.335116132371344	0.528929483379362	0.25312442417922	0.305182435981492	0.23147061522293	0.47469639213726	0.329347291131565	0.462548532565514	0	0.142723469329819	0.376305767501389	0.330927102474265	0.356748396639278	0.484019845802723
PT5	0.372592272116435	0.404367518144866	0.365040724391409	0.600762133481448	0.228219345544051	0.328026177084829	0.473436396051924	0.319083428462165	0.206771247581723	0.318696444772261	0.24550979310033	1.0471975511966	0.293414567746954	0.178229987697207	0.292381864826786	0.259454547332365	0.473717426675977	1.17375962740109	0.491556349732553	0.82881836485545	0.354001637483518	0.406155070375499	0.399213518197372	0.638162547754981	0.497284003666906	0.626304888095934	0.28116938966323	0.181456574684336	0.295874275942427	0.290439492809952	0.476099510358565	0.350890004987469	0.575247252441239	0.219210881971094	0.320366009832578	0.208869810005696	0.474128277183617	0.295417660391997	0.4674496295988	0.142723469329819	0	0.372418348931804	0.321792560488763	0.356584537902706	0.479248582855799
PT6	0.273658534751098	0.29104510953764	0.396079758675184	0.674161661974279	0.325706961543609	0.344052175819044	0.363990316140323	0.281486796423817	0.320199175541158	0.459986491848864	0.302086044394769	1.0471975511966	0.3161673148037	0.374553199225147	0.492079727750596	0.431068817367465	0.566528673525278	1.15047097492463	0.612332274803898	0.897105105168164	0.472729632857048	0.43700224975785	0.466084333698462	0.674425774878662	0.556619709190953	0.620401417253733	0.414548681893153	0.381272039619109	0.429799368247804	0.437774381766076	0.577046896054669	0.422141908130228	0.756682121702999	0.245048813048099	0.399680671307094	0.223488107848184	0.526076929978857	0.298701175422667	0.379967329349211	0.376305767501389	0.372418348931804	0	0.27482097626857	0.332680100007531	0.511778695003455
PT7	0.324092046501438	0.275970646437461	0.345630711126045	0.702633300020349	0.343307851746381	0.393674041804356	0.457753476339186	0.357285109434777	0.295841940936262	0.386260157376347	0.349668760196819	1.0471975511966	0.286086519852846	0.346906391950362	0.365344785514721	0.390686136280279	0.537533215516424	1.11994037702847	0.476951735921516	0.822068460557569	0.451988107678169	0.469991536060811	0.504851146447871	0.692234702509519	0.556423300615061	0.684293888926044	0.317895434649099	0.343214463948495	0.393113333761044	0.32341107305568	0.53740023342453	0.322502655518127	0.637348928666093	0.341231467812996	0.307230652386151	0.23448400917518	0.37513497668068	0.302534485987104	0.340830425134457	0.330927102474265	0.321792560488763	0.27482097626857	0	0.414923267452885	0.357410443437998
PT8	0.469830392942417	0.487257360828972	0.51104936883343	0.624094341677474	0.359200260634072	0.352513388666371	0.456975276047593	0.342759550775648	0.341766806068094	0.47390554987145	0.336544831018059	1.0471975511966	0.451785885236495	0.33212399032337	0.513655529720473	0.373137663128658	0.584749602381439	1.2425734672694	0.645556797437174	0.932455277839181	0.426320727782167	0.494080483145904	0.450580617730744	0.703647531012876	0.59147835265868	0.595275483815484	0.436559070174555	0.389201343881426	0.492830383077799	0.472455821499194	0.61103099187226	0.499493781640895	0.772360443221685	0.293023974671164	0.458239404389716	0.294437016238707	0.491737980413123	0.313277698772998	0.456831003803743	0.356748396639278	0.356584537902706	0.332680100007531	0.414923267452885	0	0.502611534274322
PT9	0.554972722101554	0.507548550658934	0.493121936894628	0.737428434886188	0.540153026910433	0.503896532350409	0.580866588364478	0.556687031727167	0.48501674874122	0.528755448173243	0.533522095898347	1.0471975511966	0.557082502100312	0.499018127844225	0.438863314874894	0.503203366334405	0.62407801183599	1.11087554673225	0.481665341637039	0.805987526485067	0.518979015533999	0.621142892555782	0.588888249554616	0.750262186513144	0.633732539062267	0.705473024048266	0.424051848636547	0.492872552715751	0.536716737155711	0.441423222266224	0.593246337005615	0.470503020400092	0.68489846082866	0.551837806397109	0.45481264883738	0.455669876766923	0.439338778448259	0.447597381102021	0.411596928635776	0.484019845802723	0.479248582855799	0.511778695003455	0.357410443437998	0.502611534274322	0
