	Normal1	PTc1	PTc2	PTc3	PTc4	PTc5
Normal1	0	1.0471975511966	1.0471975511966	1.0471975511966	1.0471975511966	1.0471975511966
PTc1	1.0471975511966	0	0.401830085028126	0.494529545620217	0.173716177294044	0.124187609124245
PTc2	1.0471975511966	0.401830085028126	0	0.177369895234254	0.407263724064796	0.433666286708768
PTc3	1.0471975511966	0.494529545620217	0.177369895234254	0	0.456797439532267	0.504560523690452
PTc4	1.0471975511966	0.173716177294044	0.407263724064796	0.456797439532267	0	0.15907728848719
PTc5	1.0471975511966	0.124187609124245	0.433666286708768	0.504560523690452	0.15907728848719	0
