	Di1-A	Ld1-A	Ld2-A	Liv1-A	LN2	LN3	LN4	Lun1	Lun2	Lun3-A	Normal1	Ov1-A	Ov2-A	Pa1-A	Per2-A	Per3-A	Per4-A	Plu1-A	PT1	PT2	PT3	PT4	PT5	PT6	PT7	PT8-A	SB1-A	SB2-A	Sp1-A	St1-A	St2-A
Di1-A	0	84.0960794534674	103.352335079752	26.0803180385604	61.2743591824817	58.8904014543096	61.1958555024946	65.4440701105121	64.0185592080682	68.1751345975111	138.917800967402	38.9563243694663	34.9024659826778	20.9985820141719	15.7975308695045	21.3454627616335	16.8900411709068	28.2223247240004	57.3815595526416	57.5402669921444	51.1257435660665	70.1498594614179	52.0476771159792	63.535933258769	71.2139393943429	17.0987869740843	16.7900860577149	16.5544644624429	16.7332052300244	21.7910291514279	21.1904046062398
Ld1-A	84.0960794534674	0	77.3441250160762	93.3688880308145	71.0852780367898	75.6006167354016	72.3354474657985	80.5094542504986	70.3966336736717	76.1081769586019	150.16076759512	79.3328751116763	85.8455623147031	83.2274819451832	84.7519409950289	85.752833421774	86.4056575885344	81.956724832134	74.2188815841601	70.7611822358499	66.8090490625797	85.822355819561	69.731911617204	74.4553131228697	78.9390304183011	84.0225884828439	82.5363179285167	85.905320428734	86.568216401706	89.2478827661129	82.8374622765694
Ld2-A	103.352335079752	77.3441250160762	0	106.116625183506	90.5807336485278	97.9049147561328	96.3954030951051	101.440409427948	84.5511941676244	100.446848117916	190.312681578455	103.314176130951	106.856511552536	98.7541373965291	102.647942937613	101.018382542917	104.300464532672	103.932837950676	98.2968592426455	86.4845921520129	89.4278430604756	99.1354653247201	88.5818226961127	93.4490095349867	103.063439996795	104.013974200786	102.608964237967	104.246943639913	101.815251299567	102.417454002717	102.34405966174
Liv1-A	26.0803180385604	93.3688880308145	106.116625183506	0	74.7678970592539	70.3496480910555	78.0159475198556	81.3591795611166	71.0705183293912	83.3142144798418	153.858365198155	56.1310439802294	49.1007990056536	26.35995358331	22.3085373202938	23.6992149358937	20.872073360989	41.7474640753588	69.4638854578435	67.4894281382174	64.1946715643325	80.0132051392594	64.0750463274693	78.9719855698442	90.1570466676885	32.3070153592616	30.6079314651036	21.0786012222928	16.4046154556413	16.1513937878389	33.4063676299011
LN2	61.2743591824817	71.0852780367898	90.5807336485278	74.7678970592539	0	32.7084220435803	39.783128232241	46.2057201586057	50.3078650449022	57.1327565014491	140.060855832851	54.9013879649958	57.0068499124418	65.8531834799103	63.9280963298847	66.426619138875	67.179145520829	60.7178611249485	27.0470408075459	28.9174106435583	28.2784780029873	51.4657915921209	32.2346375498585	41.107830370092	46.6504228728448	63.2599357012476	61.9962214814024	69.3006191546208	67.8368828911268	70.6629837139666	67.2036316786554
LN3	58.8904014543096	75.6006167354016	97.9049147561328	70.3496480910555	32.7084220435803	0	44.0309205722549	50.220391125159	44.9300768992407	51.7143117945662	125.601420407132	60.7005241531483	57.9185705817396	67.3290606342533	62.9537632413562	68.2939617286066	65.0936442120847	54.4857740575092	19.5282679940944	34.8352855222504	24.3576035853387	53.0667058284094	30.2022191897905	47.1676636145863	56.4006644036985	63.1251112843145	62.7433693724037	66.0651693154845	65.7906122218962	69.8642516470311	66.9382250865662
LN4	61.1958555024946	72.3354474657985	96.3954030951051	78.0159475198556	39.783128232241	44.0309205722549	0	42.6499371129142	47.9357889711754	43.0648186332302	123.372823705104	54.6842057620498	55.7836174045245	69.1538745374773	65.6326473742557	70.8223044389863	67.9471321422356	57.1089366544167	43.170289863375	45.2275061467194	36.289362338927	56.6580600090192	36.5798528621704	39.1861504595162	41.5155545780452	64.2495043804749	62.4726873978217	67.9430179536763	69.8201776490107	74.5240505598401	67.464228851855
Lun1	65.4440701105121	80.5094542504986	101.440409427948	81.3591795611166	46.2057201586057	50.220391125159	42.6499371129142	0	58.8515544225186	44.9086741283678	134.485906471136	63.9037155544451	59.4831535126272	71.3722321919531	68.9194148228015	73.1530339212098	71.2789311834953	61.2835250043461	50.6595550470774	53.4362284988993	47.7946843286666	70.8714864648322	51.7450204871986	52.8846871922935	51.0510301725517	69.9284465035311	67.6684912491194	73.6676718155702	73.7649349433965	76.8756714791111	70.2719905758989
Lun2	64.0185592080682	70.3966336736717	84.5511941676244	71.0705183293912	50.3078650449022	44.9300768992407	47.9357889711754	58.8515544225186	0	51.2874992575874	140.591655016089	69.2334337780412	63.9138884537044	69.2833926706762	67.2961190911091	71.1596426003095	68.3698650175679	62.1611199078832	47.8188695916547	48.3466519754395	44.3968704696627	60.6829519116973	45.205145901464	58.9236927155455	67.2155399187438	68.9740405102959	67.6403355553964	68.3117708147896	67.708192295897	71.4160208983126	71.421174714984
Lun3-A	68.1751345975111	76.1081769586019	100.446848117916	83.3142144798418	57.1327565014491	51.7143117945662	43.0648186332302	44.9086741283678	51.2874992575874	0	114.60132626624	65.5760527186497	63.054605191551	76.3008824629529	72.9272100880003	79.2606832031014	73.4105056413476	61.2399611365065	55.0580794898818	60.8875452076815	49.0220320843951	75.5550916516954	52.9590167895293	59.8021209553909	57.3002266726852	70.4081918645156	70.7876262586102	73.8370543045208	76.5998942237831	81.9578338079333	74.2311805148641
Normal1	138.917800967402	150.16076759512	190.312681578455	153.858365198155	140.060855832851	125.601420407132	123.372823705104	134.485906471136	140.591655016089	114.60132626624	0	133.131408603912	133.512617701148	152.420311922594	144.601931951982	153.924933944686	144.022793317302	129.169578864536	128.666232775271	145.664697221933	129.844721136179	140.393264829412	133.280396290283	139.139897658845	131.754119936158	139.685033107869	141.147178237759	142.843975113721	149.851549521051	155.892641355509	145.1895735551
Ov1-A	38.9563243694663	79.3328751116763	103.314176130951	56.1310439802294	54.9013879649958	60.7005241531483	54.6842057620498	63.9037155544451	69.2334337780412	65.5760527186497	133.131408603912	0	30.1766303646598	44.746290376977	42.3394635997267	43.6269208001259	44.0203477064173	45.9467910334542	57.6543886311953	58.2884225298544	50.6424354088987	65.398248951083	52.7467772158099	58.0994182712483	61.6814208213087	37.8195531284449	35.7903401704623	46.4293977671459	46.8747307995636	50.5323140380673	42.5949775472129
Ov2-A	34.9024659826778	85.8455623147031	106.856511552536	49.1007990056536	57.0068499124418	57.9185705817396	55.7836174045245	59.4831535126272	63.9138884537044	63.054605191551	133.512617701148	30.1766303646598	0	45.6465236683694	39.5099029460176	42.5020767888671	40.5765191418554	42.3635286514843	56.4032011073969	60.0113950445352	51.8866057682972	69.311941123075	53.2262058294164	64.0063269323561	69.8822032135563	38.7460667630831	36.3983725155159	44.1103100153196	44.0381980651033	47.4250156230467	46.0194281290383
Pa1-A	20.9985820141719	83.2274819451832	98.7541373965291	26.35995358331	65.8531834799103	67.3290606342533	69.1538745374773	71.3722321919531	69.2833926706762	76.3008824629529	152.420311922594	44.746290376977	45.6465236683694	0	14.6897121117574	13.7486204461608	17.3014871813085	35.5321379121773	65.0608326627483	60.9040317284337	57.2575355020302	75.4001866010747	58.3385641742795	67.3239627110196	75.2289461318306	21.528188385269	19.7984227827247	19.7290708061437	15.5687664669637	15.6722816742896	15.1335955998713
Per2-A	15.7975308695045	84.7519409950289	102.647942937613	22.3085373202938	63.9280963298847	62.9537632413562	65.6326473742557	68.9194148228015	67.2961190911091	72.9272100880003	144.601931951982	42.3394635997267	39.5099029460176	14.6897121117574	0	15.8243628575686	11.4420234190108	32.5314242940495	61.330237912323	60.1973040042141	54.3071882362013	74.2042337135985	55.2621583655945	67.4106780843295	76.1200379603857	20.7316276752481	17.6815044818766	15.45364132133	13.7715328934939	15.6394876315469	18.8716582332232
Per3-A	21.3454627616335	85.752833421774	101.018382542917	23.6992149358937	66.426619138875	68.2939617286066	70.8223044389863	73.1530339212098	71.1596426003095	79.2606832031014	153.924933944686	43.6269208001259	42.5020767888671	13.7486204461608	15.8243628575686	0	19.2619681599061	38.4634970352953	65.1370669437756	60.9016413870669	58.0649556780369	75.6463921720628	59.4287471444048	68.0531948601366	77.7794781266768	21.1797898729427	17.122768624868	19.7910714260813	14.6651964170283	14.1797343321679	19.8282195220137
Per4-A	16.8900411709068	86.4056575885344	104.300464532672	20.872073360989	67.179145520829	65.0936442120847	67.9471321422356	71.2789311834953	68.3698650175679	73.4105056413476	144.022793317302	44.0203477064173	40.5765191418554	17.3014871813085	11.4420234190108	19.2619681599061	0	32.2222440464422	64.316367728842	64.1567978680405	57.2990730778571	76.4381541633878	57.9044840083611	71.2206401643681	78.704029265773	21.7079008393135	19.3163079713729	13.5451368027323	13.8738512485549	15.9883052795211	21.3599828299072
Plu1-A	28.2223247240004	81.956724832134	103.932837950676	41.7474640753588	60.7178611249485	54.4857740575092	57.1089366544167	61.2835250043461	62.1611199078832	61.2399611365065	129.169578864536	45.9467910334542	42.3635286514843	35.5321379121773	32.5314242940495	38.4634970352953	32.2222440464422	0	53.822713549139	56.8084083468854	48.733194388401	65.2613929677296	50.8727513099269	61.3363698396828	64.5746020660427	30.1280839581067	30.0896148046196	32.0348822629973	35.1876588912446	39.9693921784466	34.6498542078241
PT1	57.3815595526416	74.2188815841601	98.2968592426455	69.4638854578435	27.0470408075459	19.5282679940944	43.170289863375	50.6595550470774	47.8188695916547	55.0580794898818	128.666232775271	57.6543886311953	56.4032011073969	65.0608326627483	61.330237912323	65.1370669437756	64.316367728842	53.822713549139	0	26.0362848961332	23.958533128749	49.0335104384123	30.4014938391712	43.0244756073241	50.8039838007829	60.768391840957	60.013557639465	64.9337555653445	64.4047389427848	68.1271451912127	64.7694781330859
PT2	57.5402669921444	70.7611822358499	86.4845921520129	67.4894281382174	28.9174106435583	34.8352855222504	45.2275061467194	53.4362284988993	48.3466519754395	60.8875452076815	145.664697221933	58.2884225298544	60.0113950445352	60.9040317284337	60.1973040042141	60.9016413870669	64.1567978680405	56.8084083468854	26.0362848961332	0	24.2253932157474	46.4608972773945	29.5813216860601	36.9368287782582	50.5236462040546	59.3447393074745	59.0405796323968	63.7504339930277	61.752965188003	64.2239499702312	62.2117471224973
PT3	51.1257435660665	66.8090490625797	89.4278430604756	64.1946715643325	28.2784780029873	24.3576035853387	36.289362338927	47.7946843286666	44.3968704696627	49.0220320843951	129.844721136179	50.6424354088987	51.8866057682972	57.2575355020302	54.3071882362013	58.0649556780369	57.2990730778571	48.733194388401	23.958533128749	24.2253932157474	0	48.5673516448328	18.0557146651734	35.5542543933879	47.3855663014899	53.0220409200592	52.3897968388478	57.0205910791155	57.3564514398477	61.4160424481793	56.212110713433
PT4	70.1498594614179	85.822355819561	99.1354653247201	80.0132051392594	51.4657915921209	53.0667058284094	56.6580600090192	70.8714864648322	60.6829519116973	75.5550916516954	140.393264829412	65.398248951083	69.311941123075	75.4001866010747	74.2042337135985	75.6463921720628	76.4381541633878	65.2613929677296	49.0335104384123	46.4608972773945	48.5673516448328	0	44.5467279904252	48.2533834949873	58.0560693434726	71.3801663614847	70.5292677052208	75.257412751562	75.1981210541802	78.6301655066848	74.6305450140425
PT5	52.0476771159792	69.731911617204	88.5818226961127	64.0750463274693	32.2346375498585	30.2022191897905	36.5798528621704	51.7450204871986	45.205145901464	52.9590167895293	133.280396290283	52.7467772158099	53.2262058294164	58.3385641742795	55.2621583655945	59.4287471444048	57.9044840083611	50.8727513099269	30.4014938391712	29.5813216860601	18.0557146651734	44.5467279904252	0	37.5932127663866	50.4969432698593	54.8105139952729	53.8522820392135	57.5584202906941	58.0482915990705	61.9140524627034	57.6648620630548
PT6	63.535933258769	74.4553131228697	93.4490095349867	78.9719855698442	41.107830370092	47.1676636145863	39.1861504595162	52.8846871922935	58.9236927155455	59.8021209553909	139.139897658845	58.0994182712483	64.0063269323561	67.3239627110196	67.4106780843295	68.0531948601366	71.2206401643681	61.3363698396828	43.0244756073241	36.9368287782582	35.5542543933879	48.2533834949873	37.5932127663866	0	36.0745125520421	63.5395639805122	62.2312576958112	69.739456706867	69.4124761055021	73.4647843396974	64.8173796289772
PT7	71.2139393943429	78.9390304183011	103.063439996795	90.1570466676885	46.6504228728448	56.4006644036985	41.5155545780452	51.0510301725517	67.2155399187438	57.3002266726852	131.754119936158	61.6814208213087	69.8822032135563	75.2289461318306	76.1200379603857	77.7794781266768	78.704029265773	64.5746020660427	50.8039838007829	50.5236462040546	47.3855663014899	58.0560693434726	50.4969432698593	36.0745125520421	0	70.4309092803459	69.0426865435413	78.3715501021049	79.3031623399649	83.7362415464963	72.2451826119493
PT8-A	17.0987869740843	84.0225884828439	104.013974200786	32.3070153592616	63.2599357012476	63.1251112843145	64.2495043804749	69.9284465035311	68.9740405102959	70.4081918645156	139.685033107869	37.8195531284449	38.7460667630831	21.528188385269	20.7316276752481	21.1797898729427	21.7079008393135	30.1280839581067	60.768391840957	59.3447393074745	53.0220409200592	71.3801663614847	54.8105139952729	63.5395639805122	70.4309092803459	0	14.3967104065912	20.4091261272879	22.7396217165558	26.0571635668488	19.7438541840224
SB1-A	16.7900860577149	82.5363179285167	102.608964237967	30.6079314651036	61.9962214814024	62.7433693724037	62.4726873978217	67.6684912491194	67.6403355553964	70.7876262586102	141.147178237759	35.7903401704623	36.3983725155159	19.7984227827247	17.6815044818766	17.122768624868	19.3163079713729	30.0896148046196	60.013557639465	59.0405796323968	52.3897968388478	70.5292677052208	53.8522820392135	62.2312576958112	69.0426865435413	14.3967104065912	0	19.6968293070637	20.3131792343559	24.3913113228529	20.0787882433543
SB2-A	16.5544644624429	85.905320428734	104.246943639913	21.0786012222928	69.3006191546208	66.0651693154845	67.9430179536763	73.6676718155702	68.3117708147896	73.8370543045208	142.843975113721	46.4293977671459	44.1103100153196	19.7290708061437	15.45364132133	19.7910714260813	13.5451368027323	32.0348822629973	64.9337555653445	63.7504339930277	57.0205910791155	75.257412751562	57.5584202906941	69.739456706867	78.3715501021049	20.4091261272879	19.6968293070637	0	11.7564639315931	17.120801270889	19.5488479478178
Sp1-A	16.7332052300244	86.568216401706	101.815251299567	16.4046154556413	67.8368828911268	65.7906122218962	69.8201776490107	73.7649349433965	67.708192295897	76.5998942237831	149.851549521051	46.8747307995636	44.0381980651033	15.5687664669637	13.7715328934939	14.6651964170283	13.8738512485549	35.1876588912446	64.4047389427848	61.752965188003	57.3564514398477	75.1981210541802	58.0482915990705	69.4124761055021	79.3031623399649	22.7396217165558	20.3131792343559	11.7564639315931	0	10.2092851736903	20.4766314261354
St1-A	21.7910291514279	89.2478827661129	102.417454002717	16.1513937878389	70.6629837139666	69.8642516470311	74.5240505598401	76.8756714791111	71.4160208983126	81.9578338079333	155.892641355509	50.5323140380673	47.4250156230467	15.6722816742896	15.6394876315469	14.1797343321679	15.9883052795211	39.9693921784466	68.1271451912127	64.2239499702312	61.4160424481793	78.6301655066848	61.9140524627034	73.4647843396974	83.7362415464963	26.0571635668488	24.3913113228529	17.120801270889	10.2092851736903	0	23.3277450685638
St2-A	21.1904046062398	82.8374622765694	102.34405966174	33.4063676299011	67.2036316786554	66.9382250865662	67.464228851855	70.2719905758989	71.421174714984	74.2311805148641	145.1895735551	42.5949775472129	46.0194281290383	15.1335955998713	18.8716582332232	19.8282195220137	21.3599828299072	34.6498542078241	64.7694781330859	62.2117471224973	56.212110713433	74.6305450140425	57.6648620630548	64.8173796289772	72.2451826119493	19.7438541840224	20.0787882433543	19.5488479478178	20.4766314261354	23.3277450685638	0
